Epoch	Time(sec)	Loss_train	AUC_dev	PRC_dev	acc_dev	F1_dev	P_dev	R_dev	AUC_test	PRC_test	acc_test	F1_test	P_test	R_test
1	260.9921674132347	544.2811097577214	0.46411308418009833	0.5472760181682146	0.48405797101449277	0.3171355498721228	0.5610859728506787	0.22103386809269163	0.46054532163742695	0.5444676794950025	0.4859903381642512	0.31443298969072164	0.5648148148148148	0.21785714285714286
2	521.746361233294	409.8468181081116	0.4686005416956025	0.542584305763642	0.47020933977455714	0.2997020008514261	0.5285285285285285	0.20915032679738563	0.4652510442773601	0.5418825974261848	0.4792270531400966	0.3063063063063063	0.5483870967741935	0.2125
3	780.1088568493724	355.06333826854825	0.43612889045999	0.5090278481334466	0.44895330112721415	0.2589865742745777	0.4776357827476038	0.1776589423648247	0.4375492898913952	0.5037635537367088	0.4557165861513688	0.2696629213483146	0.4921135646687697	0.18571428571428572
4	1038.7605756372213	306.59865549393	0.47325660008707904	0.5466990537554757	0.47665056360708535	0.1943480416460089	0.5868263473053892	0.11645870469399881	0.47040935672514617	0.5459425031797108	0.4785829307568438	0.2004938271604938	0.5884057971014492	0.12083333333333333
5	1300.7680099606514	274.02185257710516	0.4529108408482943	0.5349704921756666	0.46956521739130436	0.31001256807708416	0.5255681818181818	0.21984551396316102	0.44031286549707604	0.528459838181538	0.4760064412238325	0.32010029251984956	0.5371669004207573	0.22797619047619047
6	1559.585602644831	244.1271094707772	0.4839726795547098	0.5381151689972407	0.4714975845410628	0.24965706447187927	0.5416666666666666	0.1622103386809269	0.48920258980785297	0.5456920806533487	0.4753623188405797	0.25446224256292904	0.5504950495049505	0.16547619047619047
7	1820.4959215410054	223.94196226913482	0.4426418566403674	0.5305443271170782	0.46602254428341383	0.2962648556876061	0.5185735512630015	0.2073677956030897	0.43228947368421056	0.5270542016522417	0.4689210950080515	0.2949978623343309	0.5235204855842185	0.20535714285714285
8	2080.1587815247476	205.36176420003176	0.4414493240504658	0.5291201697266608	0.4669887278582931	0.23838011965025313	0.5285714285714286	0.1538918597742127	0.43721219715956555	0.52154472133711	0.4721417069243156	0.2526219790241678	0.5399610136452242	0.16488095238095238
9	2336.844289958477	192.0504004501272	0.4826940706811642	0.5558118899106659	0.49468599033816424	0.3103296703296703	0.5962837837837838	0.20974450386215093	0.491	0.5559811794173215	0.49371980676328503	0.3105263157894737	0.59	0.21071428571428572
10	2594.9007943458855	180.9847990097478	0.4837503854629692	0.57179261013405	0.5024154589371981	0.2999546896239239	0.6316793893129771	0.19667260843731432	0.47406265664160396	0.5579104771666283	0.49790660225442834	0.29297052154195014	0.6152380952380953	0.19226190476190477
11	2852.3452409543097	170.96038414398208	0.4578493631608548	0.5374692774768033	0.477938808373591	0.2874725274725275	0.5523648648648649	0.19429590017825313	0.45846491228070174	0.535032261143781	0.4747181964573269	0.2818141787758697	0.5414551607445008	0.19047619047619047
12	3107.6817640289664	158.07099946192466	0.5010350046339125	0.5842736400749268	0.5088566827697263	0.31026684758028045	0.6496212121212122	0.20380273321449793	0.5090087719298246	0.5845810200545059	0.5101449275362319	0.31640449438202245	0.6458715596330276	0.20952380952380953
13	3363.0917055867612	152.47670048032887	0.48164402358991587	0.5619356841744534	0.48695652173913045	0.16901408450704225	0.6923076923076923	0.0962566844919786	0.485703842940685	0.5572330353466988	0.4792270531400966	0.16520392359318534	0.622568093385214	0.09523809523809523
14	3618.706601690501	144.15182985924184	0.45182903745822584	0.5211568550360826	0.4640901771336554	0.26175687666370895	0.5166374781085814	0.17528223410576352	0.44469131161236425	0.5181132662792751	0.46215780998389694	0.2623674911660777	0.5085616438356164	0.1767857142857143
15	4028.083728633821	136.2878373991698	0.4470008264994614	0.5261747789820201	0.4698872785829308	0.2131931166347992	0.5452322738386308	0.1325014854426619	0.4439344193817878	0.5222756463518499	0.46344605475040257	0.20892687559354228	0.5164319248826291	0.13095238095238096
16	4282.9697808511555	131.30393897462636	0.47390133652233424	0.5510651840584474	0.48663446054750403	0.2813345356176736	0.5831775700934579	0.18538324420677363	0.481188387635756	0.5559628086157398	0.49500805152979066	0.29432943294329433	0.6033210332103321	0.19464285714285715
17	4540.932268295437	128.04162444127724	0.4702414230833193	0.5371708683497171	0.46602254428341383	0.17594433399602386	0.5379939209726444	0.1051693404634581	0.4786386800334169	0.5491648111584361	0.48276972624798714	0.20573689416419388	0.6081871345029239	0.12380952380952381
18	4796.242329008877	121.44110561010893	0.42611938864110616	0.5028060876906887	0.4502415458937198	0.24301552106430152	0.479020979020979	0.1628045157456922	0.4399736842105263	0.5103764059419885	0.45314009661835747	0.2399283795881826	0.48375451263537905	0.1595238095238095
19	5053.578196428716	120.19154415797675	0.44782064042426417	0.5230739023316435	0.4679549114331723	0.26837909654561554	0.5269565217391304	0.1800356506238859	0.44488387635756055	0.527443087733718	0.47278582930756846	0.2829610162067455	0.5356550580431177	0.19226190476190477
20	5315.925251826644	118.8122681484092	0.44920580003727184	0.5217042527962132	0.4537842190016103	0.236036036036036	0.48789571694599626	0.1556743909685086	0.4333872180451128	0.5134563268630155	0.4515297906602254	0.23734885803851324	0.47920433996383366	0.15773809523809523
21	5574.139267813414	110.60075660515577	0.4929298361291412	0.5526213355965848	0.47246376811594204	0.24793388429752067	0.5454545454545454	0.16042780748663102	0.4956313700918964	0.5546660468668592	0.48792270531400966	0.2844284428442844	0.5830258302583026	0.1880952380952381
22	5833.616186190397	107.91469115926884	0.45426048354814796	0.5439259037281149	0.4782608695652174	0.2709270927092709	0.5584415584415584	0.17884729649435532	0.4667748538011695	0.5457660537833151	0.48083735909822867	0.29360210341805437	0.5564784053156147	0.19940476190476192
23	6090.81711628288	110.90354450512677	0.46917340861247536	0.5535172068773806	0.47987117552334946	0.23350735643094447	0.5801886792452831	0.14616755793226383	0.46946532999164575	0.5489089511452725	0.48083735909822867	0.24319248826291082	0.5755555555555556	0.15416666666666667
24	6346.367243282497	105.04198854230344	0.4619613860120189	0.5467161958225396	0.48373590982286635	0.284694332887104	0.5716845878136201	0.1895424836601307	0.45784628237259817	0.5477177002670099	0.48373590982286635	0.2928981032201147	0.565587734241908	0.1976190476190476
25	6603.570700645447	102.512628899829	0.47325576439500483	0.5439282264606786	0.4760064412238325	0.24501160092807425	0.559322033898305	0.1568627450980392	0.4697318295739348	0.5416913443334161	0.4750402576489533	0.25502742230347347	0.5492125984251969	0.16607142857142856
26	6860.314005341381	99.59496005461551	0.5106966496269053	0.5758791467328641	0.49468599033816424	0.28454172366621067	0.611764705882353	0.18538324420677363	0.502297619047619	0.5736388366670124	0.4927536231884058	0.2908599729851419	0.5970425138632163	0.19226190476190477
27	7117.638836670667	96.38916709544719	0.47069645741772814	0.5417513070529605	0.47342995169082125	0.2461964038727524	0.5493827160493827	0.1586452762923351	0.477233709273183	0.5516564520250811	0.48373590982286635	0.27629796839729115	0.5719626168224299	0.18214285714285713
28	7375.80065625906	97.36100807256298	0.5335183555585641	0.5914575948730503	0.5114331723027375	0.3145051965657479	0.6566037735849056	0.20677361853832443	0.5357807017543861	0.5895138480686953	0.5104669887278583	0.31777378815080787	0.6459854014598541	0.21071428571428572
29	7631.960457738489	94.91442287329119	0.5009012939020385	0.5677673429211152	0.4892109500805153	0.2731439046746104	0.5971943887775552	0.1770647653000594	0.4918418964076859	0.5617876208899777	0.4859903381642512	0.2797833935018051	0.5783582089552238	0.18452380952380953
30	7888.936059076339	92.33618507560459	0.49051531280372185	0.5471610929701873	0.48373590982286635	0.26568941823179115	0.58	0.17231134878193702	0.4891228070175438	0.5477676959086191	0.49114331723027377	0.29338103756708406	0.5899280575539568	0.19523809523809524
31	8144.237456835806	87.92832120246021	0.5312352448118147	0.5878477976544515	0.49468599033816424	0.2546318289786223	0.6350710900473934	0.1592394533571004	0.534529657477026	0.5822792954277738	0.5004830917874397	0.28027842227378186	0.6357894736842106	0.17976190476190476
32	8400.8283893466	91.46868595856358	0.4776013631809114	0.5428818711791064	0.4731078904991948	0.279295154185022	0.5400340715502555	0.18835412953060013	0.48109106098579785	0.5439949680784928	0.4792270531400966	0.3027166882276844	0.5492957746478874	0.20892857142857144
33	8656.78409621492	91.12430025980575	0.5134337500929708	0.5879900690293296	0.4995169082125604	0.296195652173913	0.6228571428571429	0.19429590017825313	0.5218805346700084	0.5899097552857717	0.504669887278583	0.3182624113475177	0.6232638888888888	0.21369047619047618
34	8916.476054772735	86.47061863797717	0.4557519849775993	0.5359443939156852	0.46602254428341383	0.26702033598585323	0.5215889464594128	0.17944147355912063	0.449296365914787	0.5323763097538667	0.4647342995169082	0.27550130775937226	0.5146579804560261	0.1880952380952381
35	9174.237987305969	81.89650898045511	0.5360906157629911	0.5896988128796969	0.4882447665056361	0.2114143920595533	0.641566265060241	0.1265597147950089	0.5635492898913952	0.6082263950829183	0.49597423510466987	0.2428640541848089	0.648578811369509	0.1494047619047619
36	9433.48343487829	82.50732984536444	0.5122913590275218	0.5834791858657246	0.5011272141706924	0.3488860865910046	0.5962643678160919	0.24658348187759951	0.516890977443609	0.5853088714565003	0.5117552334943639	0.3832384052074858	0.6053984575835476	0.28035714285714286
37	9689.350966282189	83.59401094648638	0.4914103390152037	0.564682614501168	0.49146537842190013	0.31615417929839756	0.5830670926517572	0.21687462863933452	0.4989889306599833	0.5657908770119802	0.500805152979066	0.344331641285956	0.5950292397660819	0.24226190476190476
38	9946.446102570742	80.70471756329061	0.4915072792958124	0.5548392982443976	0.48083735909822867	0.2816399286987522	0.5632798573975044	0.18775995246583482	0.4938652882205514	0.5595663045694992	0.4824476650563607	0.3046300302899178	0.5578446909667195	0.20952380952380953
39	10206.539032131433	81.70289903634693	0.525475237190303	0.5952253319011052	0.5098228663446055	0.27661596958174905	0.6912114014251781	0.17290552584670232	0.5321286549707602	0.606570856420935	0.5156199677938809	0.29981378026070765	0.688034188034188	0.19166666666666668
40	10463.878535166383	74.33561556250788	0.5081559367982798	0.5675380983139882	0.49114331723027377	0.3305084745762712	0.5760709010339734	0.23172905525846701	0.5178715538847117	0.5739853107637554	0.4962962962962963	0.3439597315436242	0.5823863636363636	0.24404761904761904
41	10722.978990986943	78.80523461525445	0.4956890824351733	0.5722120702081002	0.4972624798711755	0.3198257080610022	0.5996732026143791	0.21806298276886513	0.4937159565580618	0.5687886621064688	0.5011272141706924	0.34000852151683003	0.5982008995502249	0.2375
42	10980.576408233494	75.95291806838941	0.515386762470406	0.5828202965574736	0.5024154589371981	0.2817294281729428	0.6474358974358975	0.1800356506238859	0.5124903926482873	0.5866912711619541	0.5024154589371981	0.2967683204369595	0.6305609284332688	0.19404761904761905
43	11236.470018114895	73.87160163369845	0.4755969557409121	0.5420295212529579	0.4711755233494364	0.25363636363636366	0.539651837524178	0.1657754010695187	0.47125104427736003	0.5408502236426971	0.4731078904991948	0.26964285714285713	0.5392857142857143	0.17976190476190476
44	11492.380193464458	75.40882462469744	0.48851048751768533	0.5589561250630152	0.4824476650563607	0.2911336568151743	0.565068493150685	0.19607843137254902	0.4875822890559733	0.5573136720691154	0.4801932367149758	0.3025064822817632	0.5520504731861199	0.20833333333333334
45	11749.209735590965	70.72515513065446	0.4778031828168338	0.5442321536381097	0.47085346215781	0.2778021978021978	0.5337837837837838	0.18775995246583482	0.48115497076023395	0.5477189912095418	0.47375201288244767	0.28583916083916083	0.537828947368421	0.19464285714285715
46	12005.508029904217	74.81455278667272	0.47159566208958115	0.5388123288115041	0.46956521739130436	0.25102319236016374	0.5348837209302325	0.16399286987522282	0.4811499582289056	0.5469361620637618	0.47632850241545893	0.271505376344086	0.5489130434782609	0.18035714285714285
47	12261.062444698066	70.29603169779875	0.4962519210471556	0.5589010302270069	0.4824476650563607	0.26587482868889906	0.575098814229249	0.17290552584670232	0.5007086466165414	0.5627039659058011	0.48276972624798714	0.27917414721723516	0.5675182481751825	0.18511904761904763
48	12517.02317867428	69.52720867627067	0.5022806036705267	0.5658855345125982	0.485024154589372	0.2852033974072418	0.575812274368231	0.1895424836601307	0.4983538011695906	0.568076024721784	0.4901771336553945	0.3011037527593819	0.582905982905983	0.20297619047619048
49	12775.922604564577	70.6919712946983	0.5190725823637217	0.5867478578990947	0.49146537842190013	0.2766834631241411	0.604	0.17944147355912063	0.5220066833751045	0.5859996433842024	0.5014492753623189	0.3052064631956912	0.6204379562043796	0.20238095238095238
50	13031.866120900959	70.67100687412312	0.5014119017593826	0.56983711942063	0.49371980676328503	0.28480436760691535	0.6077669902912621	0.1859774212715389	0.5284260651629072	0.5944014040691981	0.5072463768115942	0.32420494699646646	0.6284246575342466	0.21845238095238095
51	13287.466581262648	67.30711392915691	0.5169958875593028	0.5944046420917886	0.5111111111111111	0.3336259877085162	0.6386554621848739	0.22578728461081402	0.5365192147034252	0.606357940392914	0.5210950080515298	0.363714163457424	0.6468797564687976	0.25297619047619047
52	13542.987861320376	69.5371489692916	0.5226898755069518	0.5895906252392455	0.5111111111111111	0.35017123287671237	0.6263399693721287	0.24301841948900774	0.5177639933166249	0.5834441322590217	0.5085346215780998	0.36363636363636365	0.6072423398328691	0.25952380952380955
53	13797.568351697177	65.24314127207617	0.50299637393209	0.5703290306575913	0.49146537842190013	0.2733548090197883	0.6061224489795919	0.17647058823529413	0.5011756474519633	0.5660832510687066	0.4863123993558776	0.28699150648189536	0.5763016157989228	0.19107142857142856
54	14053.090742666274	69.35722493138746	0.4985112145697899	0.5718285065222761	0.500805152979066	0.3207712532865907	0.6110183639398998	0.21746880570409982	0.5084778613199665	0.572139433252894	0.4962962962962963	0.32352941176470584	0.5917721518987342	0.2226190476190476
55	14307.748564310372	63.395938043133356	0.537311979729453	0.602309851957996	0.4972624798711755	0.22837370242214536	0.6794117647058824	0.13725490196078433	0.5590394736842106	0.6132927939561355	0.499194847020934	0.2381185693287604	0.6731301939058172	0.14464285714285716
56	14563.449659306556	67.46433958731359	0.5008691197571813	0.5745583740572063	0.48985507246376814	0.2896860986547085	0.5904936014625228	0.1919191919191919	0.5320818713450293	0.5878539933897335	0.49790660225442834	0.313518273888155	0.6023688663282571	0.2119047619047619
57	14820.302508026361	60.32054952948238	0.4759232934958922	0.5503821215319	0.4818035426731079	0.26361556064073227	0.5737051792828686	0.1711229946524064	0.4768040935672515	0.5465281584419226	0.48083735909822867	0.2619047619047619	0.5674603174603174	0.17023809523809524
58	15076.359798826277	63.79279800347285	0.49992478771332083	0.5515687954928269	0.47568438003220614	0.26067211625794734	0.5529865125240848	0.17052881758764113	0.5033713450292399	0.5473133580742238	0.4721417069243156	0.27445772465692786	0.5354058721934369	0.18452380952380953
59	15332.09316476807	66.01536175466026	0.5245534688324462	0.5853796213621244	0.5069243156199678	0.3258476442095993	0.6292517006802721	0.21984551396316102	0.531153926482874	0.58478133269855	0.5175523349436393	0.3663282571912014	0.6330409356725146	0.2577380952380952
60	15588.721842501312	62.171818197050015	0.5089297876590009	0.5677959256767017	0.5040257648953301	0.35672514619883045	0.60056258790436	0.25371360665478315	0.5259605263157895	0.5766423787403361	0.5091787439613527	0.3779591836734694	0.6012987012987013	0.2755952380952381
61	15846.436349604279	61.40487294788181	0.5143241799980445	0.5738719424978663	0.49146537842190013	0.27734553775743703	0.603585657370518	0.1800356506238859	0.5262936507936508	0.5764765671185872	0.49597423510466987	0.3053706169551709	0.6003490401396161	0.20476190476190476
62	16102.265624504536	62.70080874590349	0.528742793200475	0.5935164494030082	0.5130434782608696	0.32560214094558426	0.6529516994633273	0.21687462863933452	0.5518253968253968	0.6013255009133722	0.5191626409017713	0.35227765726681126	0.6496	0.24166666666666667
63	16358.861101653427	59.06597099814098	0.49911500209340864	0.563001429153065	0.4859903381642512	0.2555970149253731	0.5943600867678959	0.1628045157456922	0.5098886800334169	0.5715394083941349	0.4888888888888889	0.2854570013507429	0.5859519408502772	0.1886904761904762
64	16615.192074745893	58.2099311352722	0.5145285067101895	0.5881060412707942	0.504669887278583	0.2899353647276085	0.650103519668737	0.1865715983363042	0.5240135756056808	0.5920052677353221	0.504669887278583	0.3078307830783078	0.6309963099630996	0.20357142857142857
65	16876.550557557493	60.423900057110586	0.522198279644296	0.5750495015067723	0.5053140096618357	0.318544809228039	0.6287215411558669	0.2133095662507427	0.5256466165413534	0.5837989336233972	0.507890499194847	0.3368055555555556	0.6217948717948718	0.23095238095238096
66	17131.531447075307	59.29830152554496	0.49549854464225274	0.5681675439746372	0.48985507246376814	0.2760511882998172	0.598019801980198	0.17944147355912063	0.4906123642439432	0.5577648486994548	0.4801932367149758	0.27882037533512066	0.5591397849462365	0.18571428571428572
67	17386.453674420714	59.239007791467884	0.5031837778797321	0.5698468997852495	0.499194847020934	0.3311827956989247	0.5996884735202492	0.22875816993464052	0.5100743525480368	0.5799133971079096	0.4975845410628019	0.34563758389261745	0.5852272727272727	0.24523809523809523
68	17640.733726240695	57.51033543851372	0.5375986221109081	0.5858007939971182	0.49694041867954913	0.261116367076632	0.6403712296983759	0.16399286987522282	0.5460334168755222	0.5966653115212088	0.49887278582930755	0.2796296296296296	0.6291666666666667	0.17976190476190476
69	17904.004228230566	56.99490024896659	0.5475095122650346	0.6055015401699916	0.5143317230273752	0.34090909090909094	0.6446280991735537	0.23172905525846701	0.5654062238930659	0.6213461153749325	0.5233494363929146	0.3626184323858742	0.6557632398753894	0.2505952380952381
70	18159.628696523607	60.61699568164477	0.560705507962892	0.6226177324596422	0.5259259259259259	0.37994945240101097	0.6526772793053546	0.2679738562091503	0.5815697577276525	0.6437096648586671	0.5436392914653784	0.41567010309278346	0.676510067114094	0.3
71	18415.33524586633	55.035564748657634	0.5349724597676944	0.6037774313884852	0.509500805152979	0.29912563276576165	0.6632653061224489	0.19310754604872252	0.5525352965747703	0.6280891221154232	0.5252818035426731	0.33060853769300635	0.6973180076628352	0.21666666666666667
72	18672.935062427074	57.50920362899342	0.539536800954026	0.6126675976515393	0.5181964573268921	0.3893877551020408	0.621903520208605	0.28342245989304815	0.5580110693400167	0.6306970633849185	0.5404186795491144	0.42805611222444884	0.6552147239263804	0.31785714285714284
73	18927.93817915395	56.80980571746477	0.5349900093012527	0.6011621179096741	0.514975845410628	0.34063047285464093	0.6472545757071547	0.2311348781937017	0.532857351712615	0.5961120988093842	0.5185185185185185	0.3662568885120814	0.6362297496318114	0.2571428571428571
74	19186.43894233927	57.118584065989126	0.5343799540870775	0.5869145677072805	0.5011272141706924	0.2917238225880201	0.6329365079365079	0.1895424836601307	0.5305969089390142	0.5947118820934607	0.5033816425120773	0.2990909090909091	0.6326923076923077	0.19583333333333333
75	19442.949076045305	57.689279816666385	0.5338923277617743	0.5982873787722578	0.5104669887278583	0.3682460515378221	0.6127247579529738	0.26322043969102793	0.5264778613199665	0.5884086490149893	0.5101449275362319	0.380952380952381	0.6023166023166023	0.2785714285714286
76	19699.08544382453	56.700962840390275	0.5478981090795437	0.63036871220176	0.5172302737520129	0.2972339428035631	0.7044444444444444	0.18835412953060013	0.5417451963241438	0.6236977732596597	0.5265700483091788	0.316914498141264	0.722457627118644	0.20297619047619048
77	19955.87272888422	54.336455715492775	0.5451478464633093	0.604745100746364	0.509500805152979	0.3036122542295382	0.6587301587301587	0.19726678550207963	0.5462623224728488	0.6087179559775597	0.5107890499194847	0.3209655789003129	0.644524236983842	0.21369047619047618
78	20211.106216218323	53.65502125243074	0.5302537244706518	0.5983918047630029	0.5091787439613527	0.31227436823104693	0.649155722326454	0.20558526440879382	0.5243634085213033	0.5970897611315098	0.5082125603864734	0.32820061592608885	0.6290050590219224	0.2220238095238095
79	20467.142515055835	52.79485982254846	0.5552889697838816	0.6228548240535771	0.5198067632850242	0.3417218543046357	0.6649484536082474	0.22994652406417113	0.5489582289055974	0.6176769074748342	0.5185185185185185	0.34227892652881653	0.6559865092748736	0.23154761904761906
80	20723.646149523556	53.6411595535028	0.5464097414953707	0.6038897244756785	0.5101449275362319	0.32728881026094647	0.6401384083044983	0.21984551396316102	0.5404576023391813	0.5918532082492118	0.5030595813204509	0.32883862548934323	0.6106623586429726	0.225
81	20982.74524980411	52.045325926766964	0.5480815434898334	0.6101051175651566	0.5101449275362319	0.2828854314002829	0.684931506849315	0.17825311942959002	0.5449114452798663	0.6135598993316029	0.5152979066022544	0.3009753831862518	0.6849894291754757	0.19285714285714287
82	21240.22701641172	53.12486362845448	0.5350393151336312	0.5878579233054156	0.5004830917874397	0.34749684476230547	0.5951008645533141	0.24539512774806893	0.5452633667502089	0.588616031434021	0.509500805152979	0.3662089055347482	0.6085753803596127	0.2619047619047619
83	21496.72881005332	51.41509823881643	0.5277130116420263	0.5869373926853749	0.5011272141706924	0.31186139493558424	0.6179577464788732	0.20855614973262032	0.5326604010025062	0.592908383234868	0.5066022544283414	0.3268892794376098	0.6241610738255033	0.22142857142857142
84	21754.294507794082	53.33728352691105	0.5850467110084882	0.6442910048832813	0.537842190016103	0.37905668541756815	0.697452229299363	0.26024955436720143	0.5940875104427736	0.6511832087323233	0.5336553945249597	0.38954468802698144	0.6676300578034682	0.275
85	22018.026924923062	49.24658291313244	0.5535039315133631	0.6170050249263259	0.5117552334943639	0.30649588289112534	0.6660039761431411	0.19904931669637552	0.5544653299916458	0.612528934949143	0.5140096618357488	0.3199639477242001	0.6586270871985158	0.2113095238095238
86	22281.936495378613	53.25819958545617	0.5389848263390085	0.6156689842660176	0.5191626409017713	0.3141938447404685	0.6923076923076923	0.20320855614973263	0.5437875939849623	0.6261409310636422	0.5249597423510467	0.3400447427293065	0.6846846846846847	0.2261904761904762
87	22544.714550167322	52.21856201979972	0.5655391509201388	0.6297678939761882	0.5207729468599034	0.3149171270718232	0.6993865030674846	0.20320855614973263	0.5646267752715122	0.6220568264850306	0.5172302737520129	0.31583751711547237	0.6771037181996086	0.20595238095238094
88	22808.70623511076	48.07883351734927	0.5443313753068035	0.6229461993654752	0.5201288244766505	0.3152573529411765	0.6957403651115619	0.20380273321449793	0.5551065162907268	0.6236959639450927	0.5288244766505636	0.33650793650793653	0.7066666666666667	0.22083333333333333
89	23073.06610441208	49.942172573442804	0.5109649067827277	0.5596043145796126	0.4966183574879227	0.33004714959279896	0.5923076923076923	0.22875816993464052	0.5085584795321638	0.5582903207048673	0.5004830917874397	0.35348061692371824	0.5897079276773296	0.2523809523809524
90	23336.736088596284	48.86986544811225	0.5412125724858412	0.5907460666206376	0.5014492753623189	0.3162544169611307	0.6161790017211703	0.21271538918597743	0.5457312030075189	0.5957153779120016	0.513365539452496	0.3495479982780887	0.6314152410575428	0.24166666666666667
91	23600.742056809366	50.85088520182035	0.5021299701741498	0.557610028766893	0.48276972624798714	0.2986899563318777	0.5634266886326195	0.20320855614973263	0.5143500417710944	0.5562771022529083	0.48663446054750403	0.3279932546374367	0.5621387283236994	0.23154761904761906
92	23865.31379075721	45.19895774817269	0.5562598350510983	0.6124804380551218	0.5201288244766505	0.3395390070921986	0.6684118673647469	0.22756981580510993	0.5561507936507937	0.5975507259786319	0.5223832528180354	0.36596836254809745	0.6494688922610015	0.25476190476190474
93	24129.157273527235	49.65595202265831	0.5744501355074698	0.6292317013698836	0.5159420289855072	0.31712857791912763	0.6737451737451737	0.2073677956030897	0.5792675438596491	0.6390499913592955	0.5294685990338164	0.3572371315442147	0.684654300168634	0.24166666666666667
94	24392.103590130806	47.61696100427798	0.5347844290509964	0.587014157362554	0.5085346215780998	0.34562607204116635	0.6209553158705701	0.23945335710041593	0.5367669172932331	0.5764863210984175	0.5091787439613527	0.357504215851602	0.6127167630057804	0.2523809523809524
95	24655.739347696304	49.09484966495802	0.6030746782794437	0.6646358737468017	0.5491143317230274	0.3699369936993699	0.7625231910946196	0.24420677361853832	0.6138182957393483	0.67326251882003	0.5446054750402577	0.3737821080602303	0.7301038062283737	0.2511904761904762
96	24919.00217623636	47.89009672726388	0.5684074550418556	0.6288567374516237	0.5210950080515298	0.3182026593305823	0.6967871485943775	0.20617944147355913	0.5814005847953216	0.6431114455533752	0.5336553945249597	0.3529937444146559	0.7078853046594982	0.23511904761904762
97	25182.537371478975	48.34423696770682	0.5566202272581027	0.6069240255760241	0.5217391304347826	0.35908502373759177	0.6561514195583596	0.24717765894236482	0.5692917710944027	0.6127879935253333	0.5156199677938809	0.3654008438818565	0.6275362318840579	0.2577380952380952
98	25446.568024184555	46.68681058580114	0.5563314956464621	0.6098912307999755	0.5140096618357488	0.3413356612832824	0.6430921052631579	0.23232323232323232	0.5705927318295739	0.6185717816875623	0.5265700483091788	0.3652849740932642	0.6650943396226415	0.2517857142857143
99	25709.77838769555	46.04942656040657	0.5429290840062744	0.5921434680135327	0.4930756843800322	0.25047619047619046	0.6306954436450839	0.1562685680332739	0.5568487886382624	0.6037725384607275	0.5037037037037037	0.27889564810481987	0.6520787746170679	0.1773809523809524
100	25973.54418160394	46.035570549967815	0.5395221763427274	0.5965239714621957	0.5175523349436393	0.376353039134055	0.6286509040333796	0.26856803327391565	0.5522042606516291	0.6018171429602704	0.5239935587761675	0.39276910435497125	0.6339522546419099	0.2845238095238095
