Epoch	Time(sec)	Loss_train	AUC_dev	PRC_dev	acc_dev	F1_dev	P_dev	R_dev	AUC_test	PRC_test	acc_test	F1_test	P_test	R_test
1	39.346753884106874	115.21159030497074	0.5393977180284423	0.5183257720433103	0.5124797988866941	0.43800455392258336	0.5276807980049876	0.3743807501769285	0.5241603723812768	0.49384323750689574	0.5123332724282843	0.4375131717597471	0.5070835368832438	0.38472942920681985
2	75.42506870999932	51.84716899320483	0.5829948922290517	0.5487269004738883	0.5711977015622194	0.6304549675023212	0.5602310231023102	0.7208067940552016	0.5648957185502774	0.5144803610184593	0.5647725196418784	0.6207006369426753	0.5441094360692351	0.7223869532987398
3	111.37301581352949	30.784220833331347	0.5780886249990003	0.5693189084681015	0.5464176692404381	0.6420068027210885	0.5354609929078015	0.8014861995753716	0.5605348639966875	0.5353702107911413	0.5410195505207381	0.6331775700934579	0.5224096385542168	0.8035581912527798
4	147.81882023066282	23.559192228363827	0.574233028084871	0.5676529555132794	0.497575866403304	0.0820209973753281	0.5630630630630631	0.04423213021939137	0.5592134981534538	0.5380289155795184	0.5073999634569706	0.07098552722260511	0.5049019607843137	0.03817642698295033
5	184.1013417057693	18.445781140821055	0.5658137976639501	0.5624918419807069	0.5431854911115102	0.5598615916955016	0.5477318889641164	0.5725406935598019	0.5494887771388883	0.531591869660424	0.5329800840489677	0.5448717948717949	0.5243317340644277	0.5670867309117865
6	220.5493727736175	12.353214466013014	0.5839668058100154	0.5701418958861632	0.5778416232716825	0.5712201349626117	0.5893865261573202	0.554140127388535	0.5648359478826491	0.5423001760027648	0.5634935136122785	0.546593281457582	0.5600933488914819	0.5337286879169756
7	257.13633724302053	12.321096754516475	0.6010990079876487	0.6107670838944474	0.551086370982223	0.6087636932707355	0.5457351290684624	0.6882519462137296	0.5865823199032983	0.5861868166071292	0.5355380961081674	0.5882734045999353	0.522439585730725	0.6730911786508524
8	293.1794006973505	10.85130073572509	0.6147173439487865	0.6135818269234836	0.5589872508529359	0.6279915177219023	0.5489936440677966	0.7335456475583864	0.5948054281115809	0.5802971621805668	0.5432121322857665	0.607041810751336	0.5270196506550219	0.7157153446997776
9	329.03624856844544	8.037221243139356	0.5872791038064078	0.5913405883175755	0.5744298796911474	0.5470183486238532	0.5947630922693267	0.5063694267515924	0.5594070349074055	0.5521438379084908	0.5558194774346793	0.5175630085334392	0.5570269115762495	0.48332097850259453
10	365.1355379112065	8.152376184763853	0.5272304797465542	0.5275026907981839	0.5225354641766924	0.48398990879099557	0.5358831113021058	0.44125973106864824	0.4992970435223957	0.49094704720001414	0.49716791522017173	0.44915932746196957	0.48825065274151436	0.4158636026686434
11	401.61314690485597	7.146474537265021	0.611628673798505	0.5989761591218465	0.5844855449811456	0.47788808664259924	0.6594022415940224	0.3747346072186836	0.5852326381236685	0.5609374986709789	0.5709848346427919	0.4433380749170223	0.6151315789473685	0.34655300222386953
12	437.6314547173679	8.079632810899056	0.5848397735830948	0.5757434426156305	0.5731729215298976	0.5753082008218688	0.5810176831468784	0.5697098372257607	0.5557808586941277	0.5436981538341605	0.5475972958158232	0.5424981522542498	0.5408990420044215	0.5441067457375834
13	473.46936655044556	7.444258480449207	0.5807560981965546	0.5464227502433463	0.5810738014006105	0.5664374651551756	0.596477495107632	0.5392781316348195	0.550732407722771	0.5124281685919061	0.5538096108167367	0.5289351851851852	0.5514883346741754	0.5081541882876205
14	509.5848550386727	8.79348006931832	0.5809863697312002	0.5731516951290944	0.5449811456275813	0.6004415011037527	0.5415244596131968	0.6737438075017693	0.5565804499829703	0.5396147635906956	0.5247579024301114	0.57339675250123	0.5142689026184172	0.647887323943662
15	546.0933933667839	7.280534040866769	0.6381514394615491	0.6297763087554856	0.617525588076854	0.5780507131537242	0.6566156615661566	0.5162774239207361	0.6108549542871262	0.5909037632700739	0.6000365430294171	0.5427198663045749	0.6218286261369076	0.4814677538917717
16	582.2609979584813	5.094964302435983	0.5172704941020817	0.5088492184090372	0.494343688274376	0.3585421412300683	0.5031969309462916	0.278485491861288	0.4858599296108562	0.473358017400427	0.4865704366892015	0.3274293920536141	0.46216216216216216	0.2535211267605634
17	618.6860613524914	4.07773800889845	0.5453604607391549	0.5323322660885969	0.5523433291434728	0.5022958674386104	0.576271186440678	0.4451521585279547	0.516925583849231	0.4964607345775168	0.5322492234606249	0.46353730092204526	0.5332690453230472	0.4099332839140104
18	654.6840694062412	4.906713362157461	0.6359803078491761	0.6320834410498655	0.5950799066259652	0.6450495828742326	0.5809469804366317	0.7250530785562632	0.6082344612959883	0.5959020843059497	0.5675132468481637	0.6156843643448612	0.5478185495521526	0.7027427724240178
19	690.9276324138045	4.169972829789913	0.5626253431819888	0.5444790528261274	0.5719159633686479	0.6046434494195688	0.568976279650437	0.6450813871196037	0.5343758139162142	0.5105914058695038	0.5433948474328522	0.5714285714285714	0.5317586977338015	0.6174944403261675
20	726.7121623791754	3.5081737985892687	0.5713690178099874	0.5525320554020043	0.5751481414975759	0.5653930933137399	0.5878533231474408	0.5445859872611465	0.5422331523517587	0.5146617988287476	0.5485108715512516	0.5324503311258277	0.5438732122149208	0.5214974054855448
21	763.0611605942249	4.718126170308096	0.5776053772853966	0.5840071961089235	0.5421080984018675	0.5947234583598221	0.5398153491055973	0.66206652512385	0.5599585946213078	0.5567316076946749	0.5231134661063402	0.5725515886013757	0.5129107981220657	0.647887323943662
22	798.9490942284465	7.197861916254624	0.5858634821338959	0.5824301928940901	0.5528820254982941	0.6214654910307085	0.5447761194029851	0.7232837933474876	0.5644359184981869	0.5475651673624489	0.5373652475790243	0.5996204933586338	0.5228902371759515	0.7027427724240178
23	835.0477935895324	4.838925601972733	0.5856486910385543	0.5799636339316409	0.5514455018854373	0.6166359729895641	0.5444444444444444	0.7108987968860581	0.5649151523651152	0.5495851414185883	0.5317010780193678	0.5909018355945731	0.5189234650967199	0.6860637509266123
24	871.2685579359531	4.076081965453341	0.5591137345295585	0.545942483819613	0.521817202370264	0.3694056358039309	0.5583392984967788	0.2760084925690021	0.541334054588317	0.5159266308158101	0.5145258541933126	0.34604971695791287	0.515018315018315	0.2605633802816901
25	907.5565346293151	5.991344206035137	0.5986466483945881	0.6093897391507488	0.5817920632070389	0.5823919670073516	0.5903307888040712	0.5746638358103326	0.5802549102104327	0.579519203120259	0.5642243742006212	0.5580878265703169	0.557984438680993	0.5581912527798369
26	944.0410704277456	4.829071925079916	0.5797229078766797	0.5812821533730589	0.58358771772311	0.510862687196794	0.6323759791122715	0.42852087756546353	0.5580438629882662	0.5488179516204397	0.5782934405262197	0.48619768477292963	0.6086956521739131	0.4047442550037065
27	980.2735809646547	2.372420118575974	0.6118146970774737	0.599331008110155	0.5564733345304363	0.6273385636692819	0.5468174644923725	0.7356687898089171	0.5917455038433541	0.5698565249208214	0.5338936597843962	0.6020901575417251	0.5197953137624562	0.7153446997776131
28	1016.5065299458802	5.063158122378809	0.5990936460794885	0.5728978558878479	0.5525228945950799	0.4234150856085145	0.6116310160427807	0.3237791932059448	0.5781016969526978	0.5408913961176167	0.5424812716974237	0.39134662129314535	0.568502824858757	0.2983691623424759
29	1052.5821989998221	3.9382819475140423	0.5811974197203769	0.5498549818956178	0.5482133237565092	0.5415451895043732	0.5582268970698723	0.5258315640481246	0.5651090898162803	0.5254406862377052	0.5298739265485108	0.5151686451856039	0.5239555385205059	0.5066716085989622
30	1089.2364448159933	3.051400663367531	0.563805920184403	0.547007707261808	0.544622014724367	0.6148238153098421	0.5385843533794572	0.716206652512385	0.5446462177522222	0.5206261589261041	0.5274986296363968	0.5927559055118111	0.5153340635268346	0.6975537435137139
31	1125.875338677317	3.2713164669912658	0.5621923423942925	0.5176290968290498	0.5013467408870533	0.42397842771209293	0.512280701754386	0.3616418966737438	0.5448437614783056	0.4908592066219213	0.4927827516901151	0.40556745182012854	0.4802231237322515	0.3510007412898443
32	1161.8439974747598	4.982064832758624	0.5847564372181754	0.5427731320270865	0.576943796013647	0.6012186865267434	0.5762491888384166	0.6284501061571125	0.5752238227849792	0.5233992038460521	0.5665996711127352	0.5841514726507714	0.5542248835662009	0.6174944403261675
33	1198.1277463883162	3.283816968309111	0.5568841642588134	0.5323657380409685	0.49129107559705515	0.27451984635083226	0.49675625579240035	0.18966737438075018	0.5403689085675742	0.5055176079440187	0.492234606248858	0.2571504945201818	0.46116970278044106	0.17828020756115642
34	1234.3758993335068	4.460747352117323	0.5611615386421436	0.5417876863577423	0.5616807326270425	0.5786293802865528	0.5648803505224133	0.5930644019815995	0.5375562144798616	0.5080952756801533	0.5439429928741093	0.5523672883787661	0.5350938151494093	0.5707931801334322
35	1270.162214435637	2.132007636653725	0.5466747500360566	0.5301993810582574	0.49182977195187644	0.3056918547595682	0.4984	0.22045293701344656	0.5272288448567174	0.501179267627009	0.4891284487484012	0.29994992488733097	0.46219135802469136	0.22201630837657524
36	1306.2602966614068	3.50515523242575	0.610412814294844	0.5805738779612248	0.5904112048841803	0.6133242922529243	0.5886755613407094	0.6401273885350318	0.5937180026579582	0.5534513053182555	0.5651379499360497	0.5809859154929577	0.5533199195171026	0.6115641215715345
37	1342.2958288937807	2.6664364711978124	0.5785559407604869	0.5545992811003587	0.5347459148859759	0.4773048214645955	0.5551384326607227	0.4186128803963199	0.5595576970595503	0.52313500952356	0.5174492965466837	0.44411702799410646	0.5138821237213833	0.3910303928836175
38	1378.4516248963773	4.133724885861739	0.6047304610410235	0.5923042367481677	0.5941820793679297	0.5851688693098386	0.6079328756674295	0.5640481245576787	0.5892529000460802	0.5716117401945925	0.5841403252329618	0.565648854961832	0.5830055074744296	0.5492957746478874
39	1414.6823043972254	2.143346795863181	0.5852126586648276	0.5884121297391678	0.5640150834979349	0.5695035460992909	0.5707178393745558	0.5682944090587403	0.5685138140364234	0.5633565608201454	0.5508861684633656	0.5478292862398823	0.543827611395179	0.5518902891030393
40	1450.9408786706626	4.685925758883968	0.5641960917566918	0.5443104791681281	0.5661698689172203	0.5473960284750843	0.5816082802547771	0.5169851380042463	0.551597846920308	0.5257502907963075	0.5609355015530787	0.5278050697583021	0.561689669594312	0.4977761304670126
41	1486.9721248857677	2.715222574155632	0.5527465653420313	0.5384067089312632	0.5360028730472257	0.6012345679012346	0.5331143951833607	0.689313517338995	0.5373371666700059	0.5163171863213165	0.5165357208112552	0.5775862068965517	0.5072910824453168	0.6704966641957005
42	1523.1591726131737	2.6703443615697324	0.5659131949846473	0.5484638168887853	0.5381576584665111	0.4763843648208469	0.5608820709491851	0.4140127388535032	0.5544124777112175	0.5273338710697337	0.5353553809610817	0.45697202647875296	0.5390428211586902	0.396590066716086
43	1559.0011932961643	4.251809715628042	0.5650257788015508	0.5372923685041862	0.573891183336326	0.5773820124666075	0.5812119039082109	0.5736022646850673	0.5538678634156766	0.5129743631331165	0.5591083500822218	0.5548791735842096	0.5523319867792875	0.5574499629355077
44	1594.8846274800599	3.9597496906790184	0.5611556689755742	0.5357048928426711	0.5649129107559705	0.5566331198536139	0.5763546798029556	0.5382165605095541	0.5489672029331036	0.5135740738287922	0.5439429928741093	0.5295891443648699	0.5387269938650306	0.5207561156412157
45	1630.8873792141676	3.1850779728993075	0.5550114826158536	0.5226609865319036	0.5467768001436524	0.5226928895612708	0.561332250203087	0.48903043170559096	0.5358634691029057	0.49335222532960216	0.5296912114014252	0.49489795918367346	0.5258548790658882	0.46738324684951815
46	1666.866552207619	2.874805894563906	0.5573458038592218	0.5271441598769241	0.5728137906266835	0.5804972667959796	0.5785588752196836	0.5824486907289455	0.5300773345621381	0.4898054533468489	0.5485108715512516	0.5501547423994173	0.540608228980322	0.5600444773906598
47	1702.7672634162009	2.475050325549091	0.5201759145521032	0.514492786534088	0.49865325911294667	0.4523342487249902	0.5074823943661971	0.40799716914366596	0.4984257942152679	0.4796164784818105	0.4841951397770875	0.42726719415702985	0.47198565665620795	0.3902891030392884
48	1738.8137944377959	2.035626123462862	0.5395623912015375	0.5216595684629816	0.5035015263063387	0.4464464464464464	0.5140617796219455	0.39455060155697097	0.5209201343671321	0.4943377170027967	0.4882148730129728	0.4180344899231249	0.4756501182033097	0.37286879169755377
49	1774.3614656478167	2.2010435748561576	0.5814478158261175	0.5547762701026202	0.5602442090141857	0.6097211155378487	0.5546535227602204	0.6769285208775655	0.5638649249694468	0.5311121152545527	0.5373652475790243	0.5834155972359328	0.5245562130177515	0.6571534469977761
50	1810.2556783780456	3.2716642286104616	0.6098669998057205	0.6007581081867059	0.586640330400431	0.5754334194024345	0.600924499229584	0.5520169851380042	0.5921170169428138	0.5672208417593895	0.5717156952311346	0.5490573297422084	0.5708	0.5289103039288362
51	1846.8142428062856	2.8408556783688255	0.606695186796011	0.5900953361603603	0.5681450888848986	0.3995006242197254	0.6785411365564037	0.28308563340410475	0.588756569764724	0.560676101755204	0.5700712589073634	0.38835456199636087	0.6501305483028721	0.27687175685693105
52	1882.8827505633235	2.737439377433475	0.5774512179106619	0.5512541789601098	0.5690429161429341	0.5764207553829863	0.575	0.5778485491861288	0.5647684304022332	0.5307165923172785	0.5609355015530787	0.5609355015530787	0.5531531531531532	0.5689399555226093
53	1918.7753997035325	1.428984013346053	0.574528317464593	0.5419115212084198	0.554318549111151	0.6173296330558125	0.5469945355191257	0.7084217975937721	0.5539897421513433	0.5139317353105324	0.5306047871368537	0.5895510464930499	0.5181128896377422	0.683839881393625
54	1954.9206890314817	2.008789859872195	0.5769801610430101	0.5612767919611368	0.5408511402406178	0.6280727272727272	0.5332180785379106	0.7639773531493277	0.559771135108422	0.529177910275157	0.5254887630184543	0.6071698684011496	0.5129056989522106	0.7438843587842846
55	1991.1297699175775	2.1174215166975046	0.559129601979845	0.5386176923852718	0.5692224815945413	0.6168343715061493	0.5621542940320233	0.6832979476291579	0.5324606815859596	0.5028187186481166	0.5426639868445094	0.5838736492103077	0.5293940307506784	0.6508524833209784
56	2027.1795246228576	2.5015382224264613	0.5516691912683098	0.5339912994704284	0.5692224815945413	0.6003664834249541	0.5672017626691848	0.637650389242746	0.5293918751961747	0.4994284915091246	0.5510688836104513	0.5715780296425458	0.5396773131379651	0.6074870274277242
57	2063.202757436782	1.8751405020411767	0.5433245894651998	0.5255503119140341	0.5440833183695457	0.5749204754729617	0.5455989831585637	0.6075725406935598	0.512482653149814	0.48893938350719474	0.5165357208112552	0.5414211438474871	0.5084635416666666	0.5789473684210527
58	2099.170172277838	3.251862448236352	0.5652214128532539	0.5535385584567573	0.562219428981864	0.5498522895125555	0.5749034749034749	0.52689313517339	0.5416272981654746	0.5277944657266385	0.5410195505207381	0.5126115638339154	0.5378664495114006	0.48962194217939214
59	2135.5198293551803	1.5431642986441148	0.5477833429957075	0.5349485241123302	0.5570120308852576	0.5521873298239245	0.5669027208348864	0.5382165605095541	0.5201755053793601	0.5041626308482887	0.5329800840489677	0.5186440677966101	0.5271822358346095	0.5103780578206079
60	2171.6493674218655	3.2458415990695357	0.4769662028469044	0.4896416352063916	0.4727958340815227	0.322253000923361	0.4634794156706507	0.24699221514508138	0.4533089575862	0.46600842267430725	0.46884706742188925	0.2983345401882693	0.427681660899654	0.229058561897702
61	2207.9204213768244	2.8609124667746073	0.5072834821906576	0.5160312702836833	0.5022445681450889	0.44714798564020736	0.5123400365630713	0.39667374380750176	0.49022365582780714	0.49376283457060655	0.498812351543943	0.43150259067357516	0.4894217207334274	0.3858413639733136
62	2243.802388332784	1.8585836110432865	0.5306212119687532	0.5372312981858093	0.5178667624349075	0.4976613657623948	0.5279872965462485	0.4706298655343241	0.5143856309979364	0.5207844687519759	0.5063036725744564	0.47370471367354894	0.49917898193760263	0.4507042253521127
63	2279.502706769854	1.9273523244273747	0.48482613789614115	0.5038861391301381	0.4990123900161609	0.24267100977198697	0.5209790209790209	0.15817409766454352	0.46317091739626953	0.47911331222118303	0.5031975150739997	0.23300423131170664	0.48760330578512395	0.1530763528539659
64	2315.450149551034	2.9090085837160586	0.549085376944827	0.5463759795405546	0.5309750404022267	0.6094497607655501	0.5277058518902124	0.7211606510969568	0.5297229178771061	0.5215721208069267	0.5088616846336561	0.5868429142330157	0.501313025210084	0.7075611564121571
65	2351.632721044123	3.3105151555027987	0.5716030949526285	0.5636273028492564	0.570479439755791	0.5627056672760512	0.5820726172465961	0.5445859872611465	0.5504668122533207	0.5363599607908396	0.5490590169925087	0.5266589950134255	0.5457074721780604	0.5088954781319496
66	2387.8397442549467	2.2539396049105562	0.5931710880091355	0.5943208097217096	0.5909499012390016	0.5533333333333333	0.6204925241864556	0.4992922859164897	0.5729246221759194	0.5614883816119095	0.5781107253791339	0.5271349580176121	0.5890160183066362	0.47702001482579687
67	2423.5534101314843	1.908544950067153	0.5678663749119872	0.5662822362144952	0.5548572454659724	0.40764635603345284	0.6276674025018396	0.3018400566171267	0.5410973093182136	0.5299227432934304	0.5549059016992509	0.39282153539381853	0.5996955859969558	0.2920681986656783
68	2459.488591391593	1.6170688700440223	0.57117125519788	0.5547270860836025	0.5530615909499013	0.5927016854851905	0.5512937595129376	0.6408351026185422	0.5602846953699436	0.5382080720921862	0.5421158414032523	0.5725008529512111	0.5303413400758533	0.6219421793921424
69	2495.634876381606	1.713411571141478	0.5844385721978019	0.5700410015239938	0.5582689890465075	0.5826263997285375	0.5596479791395046	0.6075725406935598	0.5660117938546404	0.5434361833096575	0.5492417321395944	0.5622005323868678	0.5393258426966292	0.5871015567086731
70	2531.6441006846726	1.2318285508335975	0.5914243139391809	0.592944812538571	0.5706590052073981	0.5938508578223203	0.5710552107154525	0.6185421089879689	0.5800288501993469	0.5741204466398416	0.5622145075826787	0.573968705547653	0.5516062884483938	0.5982209043736101
71	2567.5547280982137	2.9909362625512586	0.6057767452324763	0.6011185092310022	0.6049560064643562	0.5521172638436483	0.6500479386385427	0.47983014861995754	0.5874138334034553	0.5771881959974862	0.5949205189110177	0.530197075651621	0.6190004948045522	0.4636767976278725
72	2603.7848996520042	2.4723681052419124	0.5919480688022964	0.601535081588122	0.5593463817561501	0.5782055689240289	0.5621657754010695	0.5951875442321303	0.5804658105102878	0.5853261030906811	0.5534441805225653	0.5671271696776479	0.5430800542740841	0.5934025203854707
73	2639.8040050566196	0.8306347776051553	0.5687077367881546	0.5609803450430676	0.5649129107559705	0.5681696667260737	0.5723518850987432	0.5640481245576787	0.5512099052351092	0.5439907615176094	0.5563676228759364	0.5544954128440366	0.5490552325581395	0.5600444773906598
74	2675.913261216134	1.3369881847665965	0.6207560698157493	0.6099815086407662	0.5893338121745376	0.6181332442811822	0.5852039203288018	0.6549893842887473	0.6058344185549522	0.5877478408644893	0.5771971496437055	0.5988210818307905	0.5625407166123778	0.640103780578206
75	2711.9431235976517	2.0448135189826644	0.5813185541579299	0.5606894609304705	0.5803555395941821	0.6024834155468617	0.5800851621356043	0.6266808209483369	0.5645279452914739	0.5397914695562798	0.5689749680248493	0.5843171806167401	0.556936513268391	0.614529280948851
76	2747.7514561526477	1.72113813904798	0.532931925542183	0.5155066953144095	0.54444244927276	0.5543650096609872	0.550401116149285	0.5583864118895966	0.5200993729088614	0.4993473182822925	0.530970217431025	0.5295950155763239	0.5237404856832185	0.5355819125277984
77	2784.098152399063	2.8399822094725096	0.552096515894928	0.5424604416854755	0.5464176692404381	0.5970006381620931	0.5435793143521208	0.66206652512385	0.5409052417873766	0.5220266709395094	0.530970217431025	0.5738004316785655	0.5196992481203008	0.6404744255003706
78	2820.2814791351557	1.1530705571840372	0.5642284716755692	0.5469014258747367	0.5598850781109714	0.5693199789140748	0.5654450261780105	0.5732484076433121	0.5486306840569257	0.5225623012770156	0.5474145806687375	0.548075168764824	0.539705353934603	0.5567086730911787
79	2856.5939312577248	3.130134101202202	0.5471960538296156	0.5446956742996742	0.5422876638534746	0.4344353228311515	0.5823914336704342	0.3464260438782732	0.5357751821502748	0.5226728762815077	0.544673853462452	0.4183006535947712	0.5649432534678437	0.33209785025945143
80	2892.538637008518	2.1320917068369454	0.6261429401843566	0.629513800075745	0.6020829592386425	0.49544626593806923	0.6947637292464879	0.38499646142958244	0.6208848730123748	0.6063032389847294	0.6062488580303307	0.47959430089350397	0.6881496881496881	0.3680504077094144
81	2928.542174503207	2.2022847343832836	0.5883250009868781	0.5661197319278971	0.5647333453043635	0.597475921620724	0.5628911138923655	0.6365888181174806	0.5757498714429774	0.5397060808770027	0.5527133199342226	0.5711282410651716	0.5415282392026578	0.6041512231282431
82	2964.6297155469656	1.1664127935400757	0.5907156968300447	0.5798318406570818	0.5722750942718621	0.5928205128205128	0.5734126984126984	0.613588110403397	0.576028489571855	0.5499296347319846	0.5565503380230221	0.5648197955890264	0.5470649531087183	0.583765752409192
83	3001.1004701294005	0.4479179874615511	0.5908386373188498	0.5894221376445388	0.5789190159813252	0.5808757819481679	0.5868544600938967	0.5750176928520877	0.5760546684564475	0.5583641936170297	0.5653206650831354	0.5544109383779734	0.5603937902309731	0.5485544848035582
84	3037.363990738988	0.4233593805302007	0.5925921840809998	0.5931259448596701	0.5783803196265038	0.5801144492131616	0.586406362979031	0.5739561217268223	0.5756780130760857	0.5607943570722578	0.5647725196418784	0.5522556390977443	0.5602593440122045	0.544477390659748
85	3073.5515338145196	0.35092244756515356	0.5918111959181178	0.5794935469560696	0.581971628658646	0.5799350415012631	0.591678939617084	0.5686482661004953	0.5768362951535673	0.5496097421678131	0.5636762287593642	0.5494339622641509	0.5595695618754803	0.5396590066716086
86	3109.6064052581787	0.3100831494102749	0.5974846479193386	0.5885525592522877	0.5922068594002514	0.5773310999441652	0.6089517078916372	0.5488322717622081	0.5832978716299695	0.5582636283486535	0.5729947012607345	0.5429297868179151	0.5747412008281574	0.514455151964418
87	3145.7435247302055	0.42290791877258016	0.6035883916313778	0.5920328607463311	0.5814329323038248	0.5983112183353438	0.5831373866308364	0.6142958244869073	0.5925067617654718	0.5642361689654585	0.5658688105243924	0.5718918918918918	0.5564516129032258	0.5882134914751668
88	3181.8624301701784	2.552182342920787	0.5417112696824111	0.5225834741084728	0.5103250134674089	0.3981461046126683	0.5290322580645161	0.3191790516631281	0.5186515203120096	0.4940611367396529	0.5026493696327425	0.3765460375629867	0.49280575539568344	0.3046701260192735
89	3218.0909173823893	5.852738232031697	0.5871955094341668	0.5872051390794797	0.5611420362722213	0.46000883782589475	0.6123529411764705	0.36836518046709127	0.5745711538076252	0.562590092306054	0.558377489493879	0.4403797175272054	0.5866748920419494	0.3524833209785026
90	3254.4588041119277	3.1305883157183416	0.6087008712133233	0.6143354381955125	0.5571915963368648	0.6056923568915894	0.5525087514585765	0.670205237084218	0.5945612031601654	0.5943037731731127	0.5419331262561666	0.5830700149675703	0.5288084464555053	0.6497405485544848
91	3290.316337246448	1.7103869976745045	0.6070463992627183	0.6228478171728753	0.5410307056922248	0.6056772601049059	0.536925601750547	0.694621372965322	0.5926080713775302	0.6000969545872601	0.5232961812534259	0.5807488349670578	0.5126241134751773	0.6697553743513713
92	3326.2290029600263	1.3599723191800877	0.549244954473318	0.5409248817814261	0.5300772131441911	0.6068799759651494	0.5272774732445836	0.7147912243453645	0.5346986423042761	0.5210302745578774	0.5077653937511419	0.580765639589169	0.5005364806866953	0.6916234247590808
93	3362.1856254972517	1.7595424653281952	0.6048819113388799	0.6114856350744915	0.537978093014904	0.599158747468453	0.5352073476203729	0.6804670912951167	0.5904692164365997	0.5892280677481325	0.5225653206650831	0.5762931733419815	0.5122513692706832	0.6586360266864344
94	3398.1256567537785	0.9797441970404179	0.6101623536872729	0.6170034342794175	0.5471359310468665	0.5921733505821475	0.54526503871352	0.6479122434536447	0.5941398700405373	0.5913616244172841	0.5338936597843962	0.5713325491514031	0.522594528127882	0.6300963676797627
95	3434.337269127369	1.066410771009032	0.6052655037244647	0.6178321914863435	0.5453402765307954	0.5770130304042767	0.5465189873417722	0.6111111111111112	0.5846872892165702	0.5862118305241256	0.5289603508130825	0.556129476584022	0.5192926045016077	0.5985915492957746
96	3470.1633643582463	1.4146421929908684	0.6364352392592196	0.6288081076614029	0.5724546597234692	0.5933390264730999	0.5734565863321228	0.6146496815286624	0.628895812046294	0.6068440294008559	0.5689749680248493	0.5837303688018353	0.5570899292691142	0.6130467012601928
97	3505.973569545895	1.6986445209440717	0.6464200581084091	0.6386570430341805	0.5771233614652541	0.6137444644907332	0.5719963313971262	0.66206652512385	0.6475345100474826	0.6251876485696115	0.5766490042024484	0.6048098243220195	0.5601895734597157	0.6571534469977761
98	3542.0608088485897	1.9226103679975495	0.6102807145461174	0.6269079870109552	0.5783803196265038	0.5406885758998435	0.6045494313210849	0.48903043170559096	0.5935424972785981	0.6003671335782146	0.5675132468481637	0.5156537753222836	0.5756052992233897	0.4670126019273536
99	3578.001714389771	2.7701503416028572	0.6062690877041708	0.6081199639067016	0.5433650565631173	0.6152216674232107	0.5374041765794343	0.7193913658881812	0.588234127381644	0.5711461280174084	0.5313356477251964	0.6009024428193558	0.5178331992491284	0.7157153446997776
100	3613.940952256322	2.1658960876011406	0.6088187805593548	0.597337412660451	0.5559346381756151	0.6070236771015415	0.5509085664839919	0.6758669497523001	0.5940167892132311	0.5715764163533321	0.541750411109081	0.5861386138613861	0.528256989886972	0.6582653817642699
