Epoch	Time(sec)	Loss_train	AUC_dev	PRC_dev	acc_dev	F1_dev	P_dev	R_dev	AUC_test	PRC_test	acc_test	F1_test	P_test	R_test
1	47.86504429578781	117.27213963866234	0.49752856802569995	0.19849639221898005	0.46534351145038166	0.2963161419959812	0.201640838650866	0.5585858585858586	0.5021294126312449	0.20289985187852477	0.4569974554707379	0.29700882856766375	0.20175438596491227	0.562656015976036
2	94.27035780996084	53.56418799981475	0.4998234737431678	0.1974854588367527	0.5411704834605598	0.2736061875604254	0.20089919545669663	0.4287878787878788	0.5017784624520646	0.20165639378976083	0.539236641221374	0.27879560299506134	0.20472625175479645	0.436844732900649
3	140.33143511414528	30.979201235808432	0.5172061919385056	0.21038999305340067	0.5179643765903308	0.30209254347185377	0.21327507282563463	0.5176767676767676	0.5177221064338037	0.21217619261713708	0.5140966921119593	0.3061046511627907	0.21591142095550545	0.5257114328507239
4	186.39532993361354	24.497206122148782	0.48995055719721115	0.1948265811771699	0.5468702290076336	0.25824725091636125	0.19269020387866734	0.39141414141414144	0.4913669191942079	0.19799754603838218	0.5491094147582697	0.2680105750165235	0.2002963694739442	0.40489266100848725
5	232.43238143995404	16.151047985069454	0.4869600401722773	0.19501455724565678	0.35450381679389315	0.3099020674646355	0.19750346740638003	0.7191919191919192	0.48649845482351767	0.19711024119627085	0.3524681933842239	0.31532501076194575	0.20098778982027712	0.7314028956565152
6	278.4057471975684	12.954225360183045	0.4894035640020344	0.19266557534025516	0.41944020356234096	0.30540672187043355	0.20121951219512196	0.6333333333333333	0.48780718592272676	0.19579940923726408	0.41475826972010177	0.31055155875299756	0.2043553732049866	0.6465302046929605
7	324.62604658678174	10.473201013170183	0.48899859010757674	0.19390003401971403	0.6235114503816794	0.23653250773993809	0.2	0.28939393939393937	0.4815634512945488	0.19345489998179113	0.6161832061068703	0.218769422001243	0.18696883852691218	0.2636045931103345
8	370.3246201016009	10.37303229875397	0.4966710122255056	0.20340154391006257	0.2780661577608142	0.31922449371340816	0.19706126318284156	0.8398989898989899	0.4890262088330046	0.20128946737941186	0.27552162849872774	0.32325537174367747	0.1996476805637111	0.8487269096355466
9	416.1075237952173	7.286146761733107	0.5040868210466681	0.20099852541015617	0.4611704834605598	0.30543164523747046	0.20630981921304503	0.5878787878787879	0.49819571971625787	0.20334184149814494	0.4502798982188295	0.303725667139358	0.20472714633298575	0.5881178232651023
10	461.9781547896564	8.597787514416268	0.5157067810031482	0.20954007347131814	0.6485496183206106	0.24787627967763012	0.21792416698582917	0.2873737373737374	0.5059164321786305	0.20802772226238014	0.6494656488549618	0.24869109947643978	0.22084463386284386	0.28457314028956565
11	507.75564739853144	9.758099814411253	0.5190298459418918	0.21250575236330602	0.689058524173028	0.23299020838563894	0.23165252121817273	0.23434343434343435	0.508603592948598	0.2132975383329443	0.687735368956743	0.22250380131779018	0.22593926917138446	0.21917124313529707
12	553.6760953404009	6.805170117761008	0.5076077859538662	0.20843779277873267	0.4259541984732824	0.3108504398826979	0.20502901353965183	0.6424242424242425	0.5021746337282621	0.21191391825517575	0.4169974554707379	0.30434782608695654	0.2010913176055208	0.6255616575137294
13	599.8152855820954	5.973888645588886	0.5220435714699577	0.21427599494601857	0.5280407124681934	0.29603764991650217	0.21163446928586932	0.49242424242424243	0.517378623958718	0.2171155445414114	0.5293638676844784	0.30277442702050666	0.21689349751566214	0.5012481278082875
14	645.9218907207251	6.5651455578627065	0.50429164171994	0.2029222584875497	0.5212213740458015	0.28964059196617337	0.2065919862128393	0.48434343434343435	0.5009177616852656	0.20542134853379715	0.5270229007633588	0.2906426499771027	0.20932277924362358	0.47528706939590615
15	691.8172710798681	6.015876625082456	0.5198423688767857	0.21462567846194844	0.3558269720101781	0.31570980646556385	0.20085293713027927	0.7373737373737373	0.519594298146235	0.21921153761393047	0.3440203562340967	0.31487190390135	0.20002701242571583	0.7393909136295557
16	737.6279043443501	4.355514968410716	0.5189407458910327	0.21055458628362717	0.44254452926208654	0.31818747665878255	0.21113497439286305	0.6454545454545455	0.5183148634246277	0.21557043058101902	0.4347073791348601	0.3168511685116851	0.21021707197649747	0.6430354468297553
17	783.732288595289	4.201813379062514	0.5108626417135022	0.20375651684722978	0.3934860050890585	0.31842616950703423	0.20582581694514268	0.703030303030303	0.5105028151967905	0.20907044714200226	0.3889058524173028	0.3209681067631758	0.20748647463079398	0.7084373439840239
18	830.0707354396582	7.350030784022238	0.5058634786359452	0.20024104143823068	0.3710941475826972	0.32016723511937506	0.20467013644675763	0.7348484848484849	0.49976958622409007	0.20058110439902013	0.3721119592875318	0.32081911262798635	0.2057909604519774	0.727408886669995
19	875.9655582681298	5.465746206115	0.5084363713618015	0.21004175625836713	0.32681933842239186	0.32052599137045407	0.20118648439515088	0.7878787878787878	0.5054752951115389	0.21192806045374146	0.32580152671755724	0.3225608508897525	0.20282958199356912	0.7873190214677983
20	921.8272790759802	6.041142529822537	0.5060472474908421	0.20330976625904507	0.41954198473282445	0.31495495495495496	0.2066193853427896	0.6621212121212121	0.5047082278653101	0.20638808977398931	0.41770992366412213	0.3181980693600286	0.20898559799624294	0.6665002496255616
21	967.824503287673	5.96650248937658	0.4791025938157869	0.18954739433087472	0.4022391857506361	0.3065296965403235	0.2000308213900447	0.6555555555555556	0.48632768694056844	0.19749142822007115	0.4	0.3096381309286802	0.20226438188494492	0.6600099850224663
22	1013.7981870807707	3.7371321900718613	0.5091841937539834	0.2031710549643596	0.39603053435114505	0.32058621479276395	0.207284572105419	0.7070707070707071	0.5111639942285497	0.207661905661513	0.39094147582697203	0.3213880698571105	0.2079236977256053	0.7074388417373939
23	1059.3636997714639	4.199172535329126	0.5046059060973018	0.20083756274008127	0.38259541984732826	0.3161217587373168	0.2034833091436865	0.7080808080808081	0.5032014749545332	0.203719676120585	0.3789312977099237	0.31699126930826055	0.20429952387822825	0.7069395906140788
24	1105.2298955135047	6.483935164578725	0.5053814434980783	0.20726944449929288	0.3154198473282443	0.3200566114031541	0.20007583417593527	0.7994949494949495	0.5075707201151737	0.20566524320011323	0.31287531806615776	0.3238858287431147	0.2025808068153345	0.8072890664003994
25	1151.0262529700994	4.461825394922926	0.5142477032916803	0.21767458126566594	0.3248854961832061	0.31569173630454966	0.1983663943990665	0.7727272727272727	0.508658770984408	0.21465206235423795	0.3210178117048346	0.32004892467638363	0.20107581967213115	0.7838242636045931
26	1196.8803537525237	2.795251910767547	0.49083032363147083	0.19838921031311063	0.3146055979643766	0.31453583061889245	0.19696583375828658	0.7803030303030303	0.491656851210017	0.1992589380529688	0.3140966921119593	0.31922416405697546	0.2001013171225937	0.7888167748377434
27	1242.948385387659	4.796648656119942	0.5014816424281051	0.2089034861959384	0.4387786259541985	0.3023785425101215	0.20172180958811614	0.6035353535353535	0.4938808547597933	0.2043913988246232	0.44213740458015266	0.3041767170242478	0.20394960844399046	0.5981028457314029
28	1289.0323978811502	3.6339390852299402	0.4849596989654351	0.19698528439189905	0.3983715012722646	0.2947142345782126	0.19293860334322763	0.6237373737373737	0.48342144160389433	0.19949498356665588	0.3969465648854962	0.300224400614149	0.19662747524752475	0.6345481777333999
29	1335.3200688101351	2.45377770048799	0.5044109997360475	0.20135724716332895	0.45139949109414756	0.30790960451977406	0.20643939393939395	0.6055555555555555	0.4939112042751521	0.20196528793392712	0.4438676844783715	0.30002562131693566	0.2017921764604515	0.5846230654018971
30	1380.9318242296576	4.083653879213671	0.49526762204582464	0.19403272949094422	0.5293638676844784	0.28131799813490826	0.20318814548720252	0.45707070707070707	0.48993560924274543	0.19558523351368956	0.5168447837150127	0.27249042145593866	0.19659442724458204	0.4438342486270594
31	1426.893396385014	3.5169701846207317	0.49237840482582357	0.1954564068941883	0.3988804071246819	0.3033734371313989	0.19790704832256079	0.6494949494949495	0.4916503089906179	0.1973572465999095	0.3983715012722646	0.3125944877311315	0.20375985445724681	0.670993509735397
32	1472.700864881277	5.37041027527448	0.48494151199696134	0.19334765686564276	0.38025445292620863	0.30339778057430494	0.19612483360449637	0.6696969696969697	0.48204700109130605	0.19412077121143745	0.3739440203562341	0.30331860912900666	0.1961617345443891	0.6684972541188218
33	1518.8868810161948	4.718537181215652	0.5052265484674663	0.20647885774820346	0.4056997455470738	0.3082573154839474	0.2013620182634267	0.657070707070707	0.49603787236557595	0.20386195106603655	0.39989821882951654	0.3084682148721558	0.20159435842403803	0.6565152271592611
34	1564.9397147782147	2.534030449722195	0.5060164423070733	0.2094919531885184	0.44529262086513993	0.30942726811961474	0.20652909336941813	0.6166666666666667	0.5007190696951249	0.20780683890844984	0.4361323155216285	0.30541624874623874	0.20391762933199398	0.6080878681977034
35	1611.0218418426812	3.680486980589194	0.4975116364408907	0.1990355466814527	0.37740458015267175	0.3106052068071678	0.19991295517191354	0.695959595959596	0.49316223185038344	0.19941684577248706	0.37720101781170484	0.3156246504865228	0.20337272989334101	0.7044433349975038
36	1657.5551355220377	2.58081908630993	0.4931624080190046	0.2036987010539275	0.36346055979643765	0.3095606094060499	0.1980785532636338	0.7080808080808081	0.4867588670688674	0.20095227477490762	0.3530788804071247	0.30807750925321137	0.19699289990254767	0.7064403394907639
37	1704.1872321106493	2.610592009503307	0.49692614481333414	0.20494022778496512	0.2738931297709924	0.3181036130758937	0.19618014619193586	0.8404040404040404	0.48690005135482667	0.1985240765425893	0.2734860050890585	0.32212725546058874	0.19889761932684413	0.8467299051422865
38	1750.328595802188	5.408452658739407	0.509914247638913	0.21067425730313888	0.313587786259542	0.31657884069720305	0.19802231237322515	0.7888888888888889	0.5018794360236685	0.20496300889076616	0.3061577608142494	0.32256782271688367	0.20136476426799008	0.8102845731402896
39	1796.758376404643	2.99134878712357	0.48347496636215564	0.19800555316898286	0.4203562340966921	0.29228283832484153	0.19383550354376133	0.593939393939394	0.49165148978143625	0.20587727489076135	0.42229007633587784	0.3008130081300813	0.19967293540474243	0.6095856215676485
40	1843.211698975414	2.832885489318869	0.482278650108478	0.19745809421303842	0.45078880407124683	0.2914915966386555	0.19694819020581972	0.5606060606060606	0.4807329404767816	0.19572404181101047	0.44529262086513993	0.29091855321363513	0.1967270807672004	0.5581627558662007
41	1890.0871321223676	2.3317264912984683	0.48716894888979023	0.19667947939390235	0.41374045801526715	0.3033381712626996	0.19942748091603055	0.6333333333333333	0.48904644184324386	0.2032704904204604	0.41048346055979645	0.3086655526378611	0.2028235294117647	0.6455317024463305
42	1937.009438212961	2.1052480877769995	0.484774867862822	0.19524579510948747	0.3161323155216285	0.31654968975689146	0.19819131320850847	0.7858585858585858	0.4840186983651345	0.196531173031242	0.3139949109414758	0.321522045500302	0.20136174505106544	0.7973040439340988
43	1983.5710067488253	2.492768672971579	0.4863805035697961	0.19441985998482825	0.273587786259542	0.319053525426963	0.19668274320668155	0.8444444444444444	0.4888794397256072	0.1990907384034911	0.2751145038167939	0.3246728617485303	0.20039798665574154	0.854717923115327
44	2030.0898000188172	3.987890005329973	0.4892019944505604	0.20249056809155735	0.39857506361323153	0.30375868976081066	0.19809435992008606	0.651010101010101	0.4942808875410995	0.20546808983179715	0.3978625954198473	0.3085553997194951	0.2014344575003815	0.6590114827758362
45	2076.9232275672257	2.278082569857361	0.49062688709916247	0.20009391444442357	0.5316030534351145	0.28584729981378026	0.20631720430107528	0.46515151515151515	0.5055156015656903	0.2112142167481058	0.5310941475826972	0.29372987889008123	0.21194690265486726	0.4782825761357963
46	2123.4089755900204	1.870441886363551	0.5038979984677882	0.20550296437830656	0.2972010178117048	0.31694529627064993	0.19707221060401034	0.8090909090909091	0.5092821966232446	0.213132850364049	0.29272264631043254	0.3210552027357108	0.19958697764820213	0.8202695956065901
47	2169.852179761976	2.7928756620312924	0.4984843978343022	0.20063608528235688	0.5228498727735369	0.2844932844932845	0.20384951881014873	0.4707070707070707	0.5022845111009018	0.2070278543243838	0.5221374045801527	0.2932410055697726	0.20991379310344827	0.4862705941088367
48	2216.4086924009025	3.3977174370374996	0.4865777597517559	0.2032186289395581	0.3003562340966921	0.3141089602873678	0.19572245710022382	0.794949494949495	0.493180199018782	0.20915039740567073	0.2952671755725191	0.3172944192466969	0.19769013392308638	0.8032950574138792
49	2262.6138346232474	1.4112652783078374	0.48933686772118895	0.19902857416800912	0.35867684478371503	0.3103863412498632	0.19812770713986308	0.7161616161616161	0.48258860111775576	0.20218899150247946	0.3478880407124682	0.3117413255988828	0.19860388721598685	0.7244133799301048
50	2308.568676043302	1.4299687727470882	0.5099711583650398	0.2133970767000356	0.3565394402035623	0.31786793267155805	0.20211306256860592	0.7439393939393939	0.5104948368804503	0.2192355508605505	0.34900763358778625	0.3192848020434227	0.20289463005545785	0.7488766849725412
51	2354.608478527516	2.177421866783334	0.48489448339352736	0.20053450557963381	0.4590330788804071	0.2804927575470421	0.19160347697429259	0.5232323232323233	0.4855255470157076	0.20598702244031775	0.45150127226463105	0.2846143634674101	0.1938517179023508	0.5351972041937094
52	2400.6869997382164	3.322244221410074	0.4688238020742801	0.1899240674540354	0.3150127226463104	0.3124233755619125	0.1958247950819672	0.7722222222222223	0.46594401417561715	0.19068388025636215	0.3094147582697201	0.3122149011657374	0.19587891121851947	0.7688467299051422
53	2446.527985073626	1.3462089870881755	0.48289839117754985	0.19487506931088883	0.3658015267175573	0.3048086578154636	0.19561792925676644	0.6898989898989899	0.475531429268779	0.19639846099088415	0.3653944020356234	0.3072991889790023	0.19762789368390968	0.690464303544683
54	2492.873459674418	1.799373249970813	0.47643471039264534	0.19025999422189674	0.4070229007633588	0.2939893359185652	0.19339923469387754	0.6126262626262626	0.47884345177452436	0.1958511075369627	0.4	0.2989653942204781	0.19622229160162347	0.6275586620069895
55	2539.2584990486503	2.362702095462737	0.4950855914144633	0.19667042481725003	0.5050381679389313	0.2949108307959982	0.20683343502135448	0.5136363636363637	0.4960654773401136	0.2048398500991885	0.4986259541984733	0.29426934097421203	0.20634920634920634	0.5127309036445332
56	2585.5700868330896	3.2890123533652513	0.49415261602642097	0.19711297365201064	0.48417302798982187	0.2974771278070419	0.2050057317539167	0.5419191919191919	0.4910476269742663	0.20180153823355063	0.47989821882951655	0.29672447013487474	0.20482614478434352	0.5381927109335995
57	2631.991982009262	3.4784505275893025	0.5033311444592515	0.20129534720634798	0.5501272264631043	0.28686673120361406	0.2107633949739213	0.448989898989899	0.5064891795520731	0.20832371989391046	0.5487022900763359	0.2907869481765835	0.2139326900447164	0.45381927109335995
58	2678.685526460409	2.946797236960265	0.4954422169431729	0.1990673339218642	0.28468193384223917	0.3171395258453168	0.19634263715110684	0.8242424242424242	0.5014652337525417	0.20622807846671287	0.2815267175572519	0.32092352092352094	0.19876072449952337	0.8327508736894658
59	2725.4521931931376	3.44883991930692	0.5088477831212057	0.20845133862851611	0.433587786259542	0.3125386040765905	0.20686835650040883	0.6388888888888888	0.5168577356414878	0.22041733820914286	0.4304325699745547	0.32054395337542496	0.2117760308037863	0.6590114827758362
60	2772.307719949633	2.389591760984331	0.4895128467595007	0.19778068767347437	0.388295165394402	0.30552345736075803	0.19808210967935272	0.6676767676767676	0.48901676250645765	0.20296717435319642	0.38727735368956745	0.3070902394106814	0.19955123410620793	0.6660009985022466
61	2818.762204360217	1.026193577246886	0.48720265111278493	0.19728190199470852	0.3594910941475827	0.3079291762894534	0.19682271896527484	0.7070707070707071	0.4884718435004103	0.20248915128208178	0.3594910941475827	0.3135158721501036	0.20058626465661641	0.7174238642036944
62	2865.0948585793376	0.6801556750688178	0.48809097990742356	0.19601423475953197	0.3481933842239186	0.3097650355680103	0.19690326116744314	0.7257575757575757	0.48739231347302747	0.20001918131413987	0.34564885496183206	0.3130676354311358	0.19915715062533987	0.7314028956565152
63	2911.534254938364	2.0766395297978306	0.49522023935981874	0.2014902516361224	0.40631043256997457	0.3038548752834467	0.198937333958431	0.6429292929292929	0.4933426694527373	0.20640261858246164	0.4036641221374046	0.303577796267681	0.19921996879875195	0.63754368447329
64	2957.889964081347	2.8811602025016327	0.4775108960864219	0.19225305844341659	0.3994910941475827	0.30127901468498347	0.1967821782178218	0.6424242424242425	0.4837046080074468	0.19486433469810624	0.40895674300254453	0.30778400286088925	0.20216097713748826	0.6445332001997004
65	3004.1329447962344	1.9457987092464464	0.48074502192093016	0.19361076145143294	0.5015776081424936	0.2713881862818033	0.19236448006749632	0.46060606060606063	0.4883625086532819	0.1965341633097606	0.5062595419847328	0.2814397866982669	0.2000842459983151	0.4742885671492761
66	3049.8241551183164	2.946703003715811	0.4830577927136244	0.19564304516805858	0.3948091603053435	0.29315263908701855	0.19169776119402984	0.6227272727272727	0.48759473931521535	0.199208988359121	0.3983715012722646	0.30171293561724744	0.1976168368926029	0.63754368447329
67	3095.706806562841	2.263632181144203	0.49277040642241404	0.1999051924843716	0.33659033078880407	0.3141835016835017	0.19843168527379054	0.7540404040404041	0.4899704266152549	0.19981422086778558	0.3344529262086514	0.3157894736842105	0.19976171564733916	0.7533699450823764
68	3141.5929796025157	3.066625529259909	0.494401439506602	0.20134178685203835	0.481323155216285	0.2967154292023185	0.20413976452715535	0.5429292929292929	0.4912127462092466	0.20070614092360434	0.47877862595419846	0.2939473321384255	0.20304761904761906	0.5322016974538193
69	3187.895706050098	2.2928292206925107	0.464739749309539	0.18488241024965435	0.3332315521628499	0.30889334317966033	0.19522603013735165	0.7393939393939394	0.46102847773851874	0.18452423222194195	0.33547073791348603	0.31092348284960425	0.1971359743040685	0.7353969046430354
70	3233.995476849377	2.9569047639743076	0.48546030734367257	0.19403774945279811	0.4043765903307888	0.3034991668650321	0.19853628153223296	0.6439393939393939	0.4865202196704943	0.19556683784273074	0.4110941475826972	0.3105338417540515	0.20394427922992645	0.6505242136794808
71	3279.9817766025662	1.619279974103847	0.4857661703072793	0.1941131019018541	0.43348600508905855	0.29934541792547836	0.19936284372904092	0.6005050505050505	0.4889263203124232	0.19675272754896245	0.4343002544529262	0.30333416896465276	0.20251046025104602	0.6040938592111832
72	3325.960779245943	2.4650841087059234	0.49132217651338117	0.19964932250109757	0.3289567430025445	0.3157239231966788	0.19869366427171783	0.7681818181818182	0.4962256819322282	0.205283177822531	0.32814249363867687	0.3194143726157336	0.20127338877338877	0.7733399900149776
73	3371.818650018424	1.0090858249241137	0.4861384398478089	0.2010576036995179	0.35928753180661577	0.30786146234194617	0.19676739283204497	0.7070707070707071	0.4904334242691192	0.20477525270160735	0.35470737913486006	0.3140012984202553	0.20044205000690704	0.7244133799301048
74	3417.6263095214963	1.5217491836519912	0.4896995448429483	0.19804889604040438	0.3924681933842239	0.3074602622113934	0.1995782497364061	0.6691919191919192	0.4925104991451713	0.20385559865504774	0.38656488549618323	0.31001717229536346	0.20112893642305407	0.6759860209685472
75	3463.890053715557	0.9130080384693429	0.48562241278302465	0.1993719188159218	0.33089058524173026	0.3123430962343096	0.19696569920844328	0.7540404040404041	0.48791808451985785	0.20199333485727428	0.32732824427480917	0.3160509158646383	0.1993472584856397	0.7623564653020469
76	3509.8268874809146	2.4129596521506755	0.4863796666473531	0.2036712957407354	0.3899236641221374	0.2943254061690605	0.19189438133251457	0.6313131313131313	0.4885836994955023	0.20843616500349357	0.3849363867684478	0.2977338756536897	0.19403211148136928	0.6395406889665501
77	3556.111135661602	2.9717244666899205	0.49935640664130154	0.20730202099367112	0.36865139949109416	0.3057638500279799	0.19640546369518333	0.6898989898989899	0.5002662204596455	0.21182220936579926	0.3658015267175573	0.31111111111111106	0.19980119284294234	0.7024463305042437
78	3601.880647405982	2.5023317805244005	0.504643535417914	0.2092550708652328	0.356030534351145	0.31115949918345126	0.19833448993754338	0.7217171717171718	0.5014828817882866	0.21231626150823726	0.3511450381679389	0.31311281111949146	0.1996427589997252	0.7254118821767349
79	3647.764566347003	1.9888958886949695	0.5053203159704116	0.2036934563783864	0.42829516539440204	0.31273706105469223	0.20636202163733247	0.6454545454545455	0.5041829355174602	0.20521168109640478	0.42697201017811703	0.3154182879377432	0.20848738144992768	0.6475287069395906
80	3693.8921701796353	2.1887819525563827	0.4969749116403036	0.20137176716828176	0.34544529262086515	0.3149035900713753	0.19954097475361146	0.7464646464646465	0.4902671242433205	0.19872153420831826	0.34076335877862596	0.31655587211142766	0.2006957452502007	0.7488766849725412
81	3740.030063472688	0.8709659495489177	0.4983916282004236	0.20248804867431924	0.35501272264631045	0.31440008655198526	0.20005507366102163	0.7338383838383838	0.49273762585474895	0.20186134126302505	0.3460559796437659	0.3146666666666667	0.20008138903960934	0.7363954068896655
82	3786.1571803204715	2.4468873877658552	0.49985769099535826	0.20127823070780465	0.31267175572519085	0.31531988238872555	0.19725992642395027	0.7853535353535354	0.49621649091180414	0.20138469456602304	0.310941475826972	0.32515948963317387	0.2031386224934612	0.8142785821268098
83	3832.3116518743336	1.5288517690059962	0.5032193187451315	0.20232708120532647	0.3463613231552163	0.31593523647209204	0.2001889848812095	0.748989898989899	0.5069234552671121	0.20666279918934283	0.33954198473282443	0.32102124097520146	0.2030712205454064	0.7658512231652521
84	3878.5695153959095	0.41567640196990396	0.5033820357816534	0.2028875164785415	0.3737404580152672	0.31488698363211226	0.201971146979003	0.7141414141414142	0.5051637259018147	0.20721122925784638	0.36763358778625954	0.31942162339796254	0.2046028627561044	0.72790813779331
85	3924.4635124988854	2.9696642794424406	0.5067069033225822	0.20907917130666273	0.41099236641221376	0.3118087763110952	0.20391973868408772	0.6621212121212121	0.5045606928395441	0.20672428402667128	0.4023409669211196	0.31257316787637557	0.20415965743997552	0.6665002496255616
86	3970.547294050455	1.7217961022579402	0.48870186891219397	0.19329551533689907	0.3752671755725191	0.3103370786516854	0.1995664739884393	0.6974747474747475	0.4865163581653855	0.19297310270217194	0.36681933842239184	0.31053973179652006	0.19957264957264959	0.6994508237643535
87	4016.5653359740973	2.0416472937613435	0.513012373576427	0.21022378934004696	0.46442748091603053	0.31555671175858485	0.21250875963559915	0.6126262626262626	0.5094912285113624	0.21168280057443914	0.45740458015267177	0.3143408360128617	0.21171171171171171	0.6100848726909636
88	4062.3757100999355	2.3856245770220994	0.5063847203713361	0.20405467272134206	0.42860050890585244	0.31065815324165036	0.20522388059701493	0.6388888888888888	0.504418104369909	0.20495501061784394	0.42809160305343513	0.3104675420296969	0.2058249267816466	0.6315526709935098
89	4108.556904319674	2.2324109578803473	0.5078929189923453	0.20569853867697266	0.5557251908396946	0.2898975109809664	0.21382289416846653	0.45	0.517158613907316	0.21215583829523638	0.5556234096692112	0.30076873798846887	0.22141004480075455	0.4687968047928108
90	4154.393523227423	1.9059817665911396	0.4870022725663261	0.1921957406566343	0.43297709923664124	0.29898074745186864	0.19909502262443438	0.6	0.4926921494516088	0.19692017730856348	0.43826972010178117	0.3100387548443555	0.2068045363575717	0.6190713929106341
91	4200.572378184646	2.865495043890405	0.5166061829254947	0.208318374067922	0.4488549618320611	0.3158559696778269	0.21061499578770007	0.6313131313131313	0.5182381120214334	0.2123420937025569	0.4480407124681934	0.31965876301593277	0.21347184986595175	0.636045931103345
92	4246.309975463897	0.9830479918709898	0.5071160296399302	0.20378608413545166	0.32651399491094146	0.3205667933052675	0.20118571980925376	0.7883838383838384	0.5104472222885309	0.2086394433589978	0.32132315521628496	0.321115862349827	0.2016881954214094	0.7873190214677983
93	4292.221900146455	1.4801243964420792	0.506328807514276	0.19890979805119569	0.5073791348600509	0.29976851851851855	0.21005677210056772	0.5232323232323233	0.5017356348499495	0.20032210954656912	0.49923664122137407	0.29269695227142034	0.20553200080759135	0.5082376435346979
94	4338.1712611839175	1.4068317432356707	0.496032955430661	0.19467139766329764	0.47134860050890587	0.29829775736287495	0.2036149022500922	0.5575757575757576	0.4960584564217341	0.19756116725389672	0.47114503816793896	0.3021756647864625	0.20668748851736174	0.5616575137294059
95	4384.065872050822	3.740357701892208	0.49588935885303004	0.19712244834875137	0.35053435114503817	0.31305845623856177	0.19893282254754413	0.7343434343434343	0.4963667066518606	0.20097542558742645	0.35012722646310435	0.3173313375387576	0.2019047619047619	0.7408886669995007
96	4430.1948624923825	1.4242108198741334	0.5094638224179333	0.2085666761834205	0.33170483460559796	0.31817237798546216	0.20026143790849674	0.7737373737373737	0.5070643523336831	0.20835981824706779	0.3287531806615776	0.32379780580334255	0.20374193548387096	0.7883175237144283
97	4476.175294391811	1.1204432166778133	0.5002774719791928	0.20665829758009735	0.3376081424936387	0.313212325875897	0.19797225186766276	0.7494949494949495	0.493916406137406	0.20471378133636048	0.3310941475826972	0.3135575517025277	0.1982565050851935	0.7493759360958562
98	4522.28813283518	1.0028673874512606	0.48899595058294865	0.19973954258333343	0.4776590330788804	0.28702417338149483	0.1979685703334611	0.5217171717171717	0.49130082682164433	0.20340908971553245	0.47776081424936384	0.29120044205000695	0.2012987012987013	0.5262106839740389
99	4568.298760283738	1.9302379037872015	0.4988879875877964	0.2008007690526311	0.5591857506361323	0.27611566103961227	0.2063452410691981	0.4171717171717172	0.5007047406389776	0.20450854745105798	0.5616284987277353	0.28609315431791815	0.2141439205955335	0.4308537194208687
100	4614.292927976698	1.6181189163253293	0.4916483509408939	0.1923354996524903	0.3886005089058524	0.31528553516470986	0.2035919328720742	0.6984848484848485	0.4858156066845781	0.19521859873018618	0.37923664122137407	0.31154757873349137	0.2012835472578763	0.6889665501747378
