Epoch	Time(sec)	Loss_train	AUC_dev	PRC_dev	acc_dev	F1_dev	P_dev	R_dev	AUC_test	PRC_test	acc_test	F1_test	P_test	R_test
1	362.437830157578	106.82303076982498	0.7140061464767735	0.7246211228163364	0.652869972666927	0.631273330568229	0.7072490706319703	0.5700374531835206	0.7197830995000807	0.7268094078631312	0.6635911994322214	0.6478454680534919	0.6964856230031949	0.6055555555555555
2	715.174210023135	97.50161424279213	0.7487905615533601	0.7580355818277207	0.6649746192893401	0.6233538191395962	0.7529162248144221	0.5318352059925093	0.7354035639412997	0.7432077247111161	0.6706884315117104	0.6287999999999999	0.7415094339622641	0.5458333333333333
3	1159.465153992176	93.7911790907383	0.7650845293301807	0.7810297518506936	0.6833268254588052	0.731368002649884	0.6555819477434679	0.8269662921348314	0.7512679406547331	0.7640446196380651	0.6579134137686302	0.711377245508982	0.6252631578947369	0.825
4	1533.9150701873004	92.09715330600739	0.7773368525884243	0.7932169053080842	0.7001171417415072	0.7318435754189945	0.6854153041203401	0.7850187265917603	0.7603451056281245	0.7756408660408616	0.6784953867991483	0.7116486314449396	0.6568742655699178	0.7763888888888889
5	1885.0552144423127	88.48918002843857	0.7857292984096145	0.7973486345180748	0.7122217883639204	0.7400352733686066	0.6993333333333334	0.7857677902621722	0.7752439122722142	0.7855499665073694	0.7019162526614621	0.7283311772315654	0.6815980629539952	0.7819444444444444
6	2238.5052267462015	86.94034191966057	0.772427002951042	0.796282587448767	0.6829363529871144	0.7142857142857144	0.6735235567352356	0.7602996254681648	0.7532635865183035	0.7716799486119196	0.6728176011355571	0.7035369774919614	0.6550898203592814	0.7597222222222222
7	2608.0540488287807	85.57886710762978	0.7943453635647122	0.8121305214341612	0.695821944552909	0.6569793042712462	0.7970085470085471	0.5588014981273408	0.7761933559103369	0.7916796631679957	0.6891412349183819	0.640983606557377	0.782	0.5430555555555555
8	2982.607393234968	83.79654183983803	0.8050797025740662	0.8180795112128381	0.7290121046466224	0.7478197674418605	0.726182074805928	0.7707865168539326	0.7918642154491211	0.8027996852129619	0.7182398864442867	0.7389875082182775	0.7016229712858927	0.7805555555555556
9	3356.0547987520695	81.51752361655235	0.8097488253875151	0.8249210447521148	0.7290121046466224	0.7396849212303076	0.7407963936889557	0.7385767790262172	0.7980083857442348	0.8112968627123018	0.7203690560681334	0.7327001356852104	0.7161803713527851	0.75
10	3751.0083581246436	79.95705738663673	0.8137880259789456	0.8317003260951915	0.7321358844201484	0.7461139896373057	0.737381126554499	0.755056179775281	0.7910558780841801	0.8078351137036744	0.7104329311568488	0.7228260869565217	0.7074468085106383	0.7388888888888889
11	4106.439649172127	76.9766862988472	0.8259276230975555	0.8430322421605538	0.7434595860991801	0.759075907590759	0.7435344827586207	0.7752808988764045	0.8088251894855668	0.8263091183827065	0.7295954577714692	0.7458305537024683	0.7175866495507061	0.7763888888888889
12	4461.437501057982	75.8025895357132	0.8308796304782156	0.8478198343889443	0.748145255759469	0.7565118912797283	0.7625570776255708	0.750561797752809	0.8094359780680535	0.8175776666837357	0.730305180979418	0.7393689986282579	0.7303523035230353	0.7486111111111111
13	4825.455718643963	73.54200172424316	0.8350712710254107	0.8537277845682338	0.7454119484576337	0.7641099855282201	0.7389783065080476	0.7910112359550562	0.8233248669569423	0.8336703903294065	0.7338537970191625	0.7544204322200394	0.7137546468401487	0.8
14	5239.501734454185	71.15458065271378	0.8507799182506368	0.8660339702325013	0.7594689574385006	0.7826393789696543	0.7398265510340227	0.8307116104868913	0.8342283502660861	0.8450529286416808	0.7459190915542938	0.7693298969072163	0.7175480769230769	0.8291666666666667
15	5586.501428171992	68.87173363566399	0.8460295348595659	0.862462055989995	0.7727450214759859	0.7773527161438408	0.7943706020328382	0.7610486891385768	0.8264110627318176	0.8367076751137512	0.7466288147622427	0.7522553782095766	0.7517337031900139	0.7527777777777778
16	5943.424196332693	66.17287835478783	0.8385193467382737	0.8412242354485407	0.7645450995704803	0.7745794392523365	0.7731343283582089	0.7760299625468164	0.8252217384292855	0.8331664239999296	0.7452093683463449	0.7491264849755416	0.7538677918424754	0.7444444444444445
17	6294.388107731938	64.282809227705	0.8493642734510085	0.8652520040671372	0.7571261226083561	0.7772206303724927	0.7446808510638298	0.8127340823970037	0.8471415900661183	0.8572453888272025	0.7579843860894251	0.776686313032089	0.734820322180917	0.8236111111111111
18	6651.84873310104	61.14510163664818	0.8520269320771547	0.8661207274813318	0.7676688793440063	0.7757255936675461	0.7807283763277694	0.7707865168539326	0.8455329785518463	0.8557015413706499	0.759403832505323	0.7679671457905545	0.757085020242915	0.7791666666666667
19	7010.436344332993	60.07225354015827	0.8591137098203103	0.8728249692735467	0.7801639984381101	0.7910946196660483	0.7838235294117647	0.798501872659176	0.8455228995323336	0.8550353029622175	0.7608232789212207	0.7709041468388851	0.7549933422103862	0.7875
20	7363.841230344027	56.14813995361328	0.8667906959693531	0.8755764692081542	0.7891448652869972	0.8002958579881657	0.7903579254930606	0.8104868913857678	0.8495988550233833	0.8565174579856882	0.7686302342086586	0.7791327913279132	0.7605820105820106	0.7986111111111112
21	7736.904818043113	54.95663042366505	0.8677682668279658	0.8763996270681955	0.7899258102303788	0.7969811320754718	0.8030418250950571	0.7910112359550562	0.8561965811965813	0.8608528649611004	0.7785663591199432	0.7851239669421487	0.7786885245901639	0.7916666666666666
22	8094.851795401424	53.02799414098263	0.8620757495219067	0.8759077009810832	0.7766497461928934	0.7806748466257668	0.7996857816182247	0.7625468164794007	0.854279551685212	0.8641218425141508	0.7693399574166075	0.7744621790423317	0.7739251040221914	0.775
23	8451.943062331527	50.9769376963377	0.8774825717445363	0.8872013160759917	0.8004685669660289	0.8149221296631655	0.7889200561009818	0.8426966292134831	0.8524653281728753	0.8616266715214779	0.7750177430801988	0.7882431529726119	0.7593307593307593	0.8194444444444444
24	8816.122333776206	48.645949959754944	0.8736410237610818	0.8817387011650102	0.7961733697774307	0.795934323690383	0.8323793949304987	0.7625468164794007	0.8526628769553297	0.8625369653843014	0.7757274662881476	0.7796373779637378	0.7829131652661064	0.7763888888888889
25	9194.12163164094	46.19470804184675	0.8669868211228624	0.8732932415079765	0.7907067551737602	0.8046647230320698	0.7835344215755855	0.8269662921348314	0.8542291565876472	0.8611364711348004	0.7764371894960965	0.7906976744186046	0.7579617834394905	0.8263888888888888
26	9546.505868609995	45.824579268693924	0.8750829407775356	0.8840856584725393	0.7957828973057399	0.8024178315073668	0.8094512195121951	0.7955056179775281	0.861736010320916	0.870123668696233	0.7778566359119943	0.7833910034602076	0.7806896551724138	0.7861111111111111
27	9900.38282487914	43.376236379146576	0.8759633655320734	0.8817661987001227	0.8059351815696993	0.818546914932457	0.7984330484330484	0.8397003745318352	0.8628467182712466	0.8665860022684106	0.7821149751596878	0.7973597359735974	0.759748427672956	0.8388888888888889
28	10275.437162723392	40.70192503929138	0.8797661161720769	0.8873041502292612	0.8067161265130808	0.8095421315890726	0.8322784810126582	0.7880149812734082	0.8552894694404128	0.8607019567205594	0.7821149751596878	0.7863604732080723	0.7880055788005579	0.7847222222222222
29	10632.3039493151	39.92714957147837	0.8773405184791442	0.8848601081903082	0.8039828192112456	0.816654492330168	0.796863863150392	0.8374531835205993	0.8600366876310273	0.8697488575446244	0.7743080198722498	0.7891246684350133	0.7550761421319797	0.8263888888888888
30	10993.40485696122	37.85564134269953	0.8813613896169755	0.8855486584818615	0.8090589613432253	0.8139977177634082	0.8268933539412674	0.8014981273408239	0.8623850991775519	0.8730976605602184	0.7835344215755855	0.7889273356401383	0.7862068965517242	0.7916666666666666
31	11346.82493422553	36.81051716580987	0.8779939634999481	0.8865799050633739	0.8016399843811012	0.8152727272727273	0.792226148409894	0.8397003745318352	0.858704241251411	0.8661549637079873	0.7750177430801988	0.7932159165035877	0.7478474784747847	0.8444444444444444
32	11699.389473658055	34.398903757333755	0.8811221902475087	0.8881362558065838	0.8106208512299883	0.8155192088246482	0.8284389489953632	0.8029962546816479	0.8504868166424769	0.8577918392388253	0.7806955287437899	0.7870434183321847	0.7811217510259918	0.7930555555555555
33	12058.512610323727	32.661056116223335	0.88272968332814	0.8864907202135828	0.8149160484185864	0.8232662192393735	0.8195991091314031	0.8269662921348314	0.8514796000645057	0.8539800859062163	0.7814052519517388	0.7924528301886792	0.7696335078534031	0.8166666666666667
34	12420.809719875455	32.30407486855984	0.8774547720732445	0.8839911953133925	0.8035923467395548	0.8095418402120409	0.8185298621745789	0.800749063670412	0.8493247056926304	0.8542122375404613	0.7665010645848119	0.7729468599033815	0.7681755829903978	0.7777777777777778
35	12776.093463979661	30.966182976961136	0.8774782948720299	0.884789315802614	0.812573213588442	0.8227474150664696	0.8113619810633649	0.8344569288389513	0.8450612804386388	0.8499280165238505	0.7693399574166075	0.7811447811447811	0.7581699346405228	0.8055555555555556
36	13134.689614195377	29.91957987472415	0.8775442809049863	0.8835527930270294	0.8012495119094104	0.8114116339384958	0.8027859237536656	0.8202247191011236	0.861530398322851	0.8650345872836106	0.7899219304471257	0.800807537012113	0.7767624020887729	0.8263888888888888
37	13489.407600741833	28.95665229856968	0.8796790512674818	0.8898521570627819	0.8164779383053494	0.8272058823529411	0.8122743682310469	0.8426966292134831	0.8569978632478633	0.8556991878232336	0.7828246983676366	0.7984189723320158	0.7593984962406015	0.8416666666666667
38	13842.98966826126	27.825580701231956	0.8723371886284069	0.8787700813747935	0.7961733697774307	0.8016717325227964	0.8134155744024673	0.7902621722846442	0.8575481777132721	0.8636906998078281	0.7885024840312278	0.791899441340782	0.7963483146067416	0.7875
39	14196.939673196524	26.852487828582525	0.8790656255537024	0.8835297079173379	0.8090589613432253	0.8165103189493433	0.8180451127819549	0.8149812734082397	0.8546393726818255	0.8539501912588697	0.7842441447835344	0.7912087912087912	0.782608695652174	0.8
