Epoch	Time(sec)	Loss_train	AUC_dev	PRC_dev	acc_dev	F1_dev	P_dev	R_dev	AUC_test	PRC_test	acc_test	F1_test	P_test	R_test
1	38.0380467325449	261.44011637568474	0.4428077550200161	0.4704784398866317	0.4616822429906542	0.542649727767695	0.482258064516129	0.6203319502074689	0.44307407102626	0.4745316901586643	0.4720961281708945	0.547700754975978	0.49503722084367247	0.6129032258064516
2	74.83844145014882	239.01132687926292	0.4252075830617702	0.4763978518424505	0.4731642189586115	0.3885962193988225	0.48267898383371827	0.32520746887966806	0.41735671082949305	0.4808305818767298	0.46408544726301737	0.37806011775643017	0.478806907378336	0.31233998975934457
3	111.48972453176975	228.0629115998745	0.44276821946713496	0.4713324245166803	0.4731642189586115	0.5031478217073786	0.4889867841409692	0.5181535269709544	0.45616105145014996	0.4824395748765581	0.48464619492656874	0.5199004975124378	0.505563618771166	0.5350742447516641
4	148.3823786340654	221.21208527684212	0.4911488888939637	0.5010167971593065	0.4923898531375167	0.4501012438530518	0.5088293001962066	0.40352697095435686	0.5096206157194061	0.5245153671066267	0.5102803738317757	0.4757004002287021	0.5385113268608415	0.42601126472094214
5	185.2452821098268	215.64152285456657	0.3361989234911406	0.4053799291553924	0.3965287049399199	0.46292775665399244	0.42719298245614035	0.5051867219917012	0.34933578606173654	0.42051165245490474	0.4026702269692924	0.4818160759786889	0.43993231810490696	0.5325140809011777
6	221.5591709278524	208.66414654254913	0.5153345135956628	0.5574792788613192	0.5068090787716956	0.39502129053390106	0.536	0.31275933609958506	0.5397579730817058	0.5877092800746828	0.5297730307076102	0.4258232800782524	0.5861759425493717	0.3343573988735279
7	258.0235789306462	197.9662627875805	0.43336560880755065	0.465602787316677	0.4445927903871829	0.2665726375176305	0.41629955947136565	0.19605809128630705	0.4504079689671568	0.49236929481399133	0.454739652870494	0.2855143456962911	0.450828729281768	0.20890937019969277
8	294.4308027923107	189.2026865184307	0.3674311539014882	0.4267991017493802	0.4165554072096128	0.48864966065995785	0.44520255863539443	0.5414937759336099	0.378536512051057	0.4419706771806631	0.41869158878504675	0.4928954111344049	0.45213675213675214	0.5417306707629288
9	330.89856484904885	180.1482965350151	0.46776867619554363	0.4972337069137187	0.46755674232309746	0.28118240807498196	0.46099290780141844	0.20228215767634855	0.4792881030100212	0.5140731448254601	0.4755674232309746	0.2990720913633119	0.49352179034157834	0.21454173067076293
10	367.3932050317526	170.39167633652687	0.4829656003580751	0.5144514302969254	0.47102803738317756	0.4498750347125799	0.484160191273162	0.42012448132780084	0.48964333717357916	0.5328115656586776	0.48117489986648865	0.45952712100139076	0.5030450669914738	0.4229390681003584
11	404.18413185328245	161.9558755904436	0.4871677871736961	0.5385549150564879	0.4827770360480641	0.4659498207885304	0.4973513831665686	0.4382780082987552	0.4937138834028235	0.5573227333501793	0.4851802403204272	0.468870523415978	0.507453786523554	0.43573988735279057
12	440.7641171850264	152.89948661625385	0.4619585199259187	0.5138894931453268	0.4766355140186916	0.3194444444444445	0.4831932773109244	0.23858921161825727	0.4683165436873674	0.5360406018485672	0.48598130841121495	0.3285664457621207	0.5153172866520788	0.2411674347158218
13	477.26502818614244	144.0865731611848	0.47801709077705484	0.5151443450452802	0.48064085447263016	0.29143897996357016	0.48959608323133413	0.2074688796680498	0.47427292489576467	0.5204695881114911	0.4814419225634179	0.3044412607449857	0.5065554231227652	0.21761392729134665
14	513.9037047363818	136.4147198945284	0.4285559732083115	0.45266530100377667	0.4218958611481976	0.1876172607879925	0.33921302578018997	0.12966804979253113	0.43864078729610123	0.4610139263439664	0.4200267022696929	0.18955223880597014	0.3493810178817056	0.1300563236047107
15	550.1992745064199	130.88597501069307	0.4383556521282402	0.471545043961594	0.45500667556742325	0.47329032258064513	0.47098099640472524	0.4756224066390041	0.4497296398398069	0.4859486459702823	0.4582109479305741	0.47257603327268	0.4799366420274551	0.46543778801843316
16	586.5261535197496	125.25950438529253	0.43180102855237645	0.4866016053669565	0.4568758344459279	0.28380281690140846	0.4418859649122807	0.20902489626556017	0.4280565384756053	0.48848470517932985	0.4464619492656876	0.2692985548114205	0.4321266968325792	0.19559651817716334
17	623.122820481658	117.18304792791605	0.5270682945989582	0.5376095132111494	0.507343124165554	0.5143458804948672	0.5221806520577231	0.5067427385892116	0.5237426623875356	0.5486828576358804	0.49746328437917225	0.5013248542660307	0.5194947830862163	0.48438300051203276
18	659.985486574471	108.65371265262365	0.5354786627905649	0.5764134273687244	0.5116154873164219	0.5136931667109811	0.5270049099836334	0.5010373443983402	0.518721198156682	0.5779623873791799	0.49959946595460614	0.49460625674217906	0.5225071225071225	0.46953405017921146
19	696.9393056854606	107.09435633942485	0.4488726801051389	0.49010240930164145	0.4587449933244326	0.3795531068258341	0.4630321135175504	0.3215767634854772	0.45562830306853924	0.502369113174199	0.46568758344459277	0.38525345622119817	0.4815668202764977	0.3210445468509985
20	733.480083514005	101.32376286014915	0.47380006028814997	0.50922391926875	0.47423230974632846	0.2516153553781832	0.47083926031294454	0.1716804979253112	0.45916167206129765	0.5024147467442429	0.4563417890520694	0.22408536585365857	0.43815201192250375	0.15053763440860216
21	770.1446232907474	99.46730779856443	0.44547205164684844	0.5083416133689996	0.44833110814419225	0.4358274167121791	0.4602076124567474	0.4139004149377593	0.4528558399166118	0.5179622598877321	0.4587449933244326	0.4380371499861381	0.47762998790810157	0.40450588837685614
22	806.6188839524984	95.49861992523074	0.5438877464335221	0.568911034985756	0.5102803738317757	0.253257328990228	0.5890151515151515	0.16130705394190872	0.5357877189854436	0.5638453832251111	0.503871829105474	0.23789991796554555	0.5979381443298969	0.148489503328213
23	842.9273441955447	88.92120246961713	0.5243419114540634	0.5700784887895023	0.5220293724966623	0.3723702664796634	0.5746753246753247	0.2754149377593361	0.5255793513642015	0.5766040118112636	0.5214953271028038	0.37691237830319896	0.5872156013001083	0.27752176139272916
24	879.3878948315978	86.21637289598584	0.5546288567859565	0.589146237347959	0.5049399198931909	0.42098688319800126	0.5290423861852434	0.3495850622406639	0.5595109515580425	0.5938446863683349	0.5132176234979974	0.43226409218312056	0.5516693163751988	0.35535074244751663
25	915.9822704344988	82.81328625231981	0.46297945064706997	0.521751750773334	0.49078771695594126	0.2594174757281554	0.5162287480680062	0.17323651452282157	0.47787086944993046	0.5343190823706646	0.48651535380507344	0.25666795516041746	0.5236593059936908	0.16999487967229904
26	952.3697218857706	81.5685243345797	0.45349106068322	0.4970219699362759	0.4445927903871829	0.41375422773393467	0.45308641975308644	0.38070539419087135	0.464931041300929	0.5200055337000918	0.45313751668891855	0.42697257974258535	0.47069710055521286	0.3906810035842294
27	988.7614989131689	77.65064496733248	0.5939991310742023	0.5933809106679493	0.5572763684913218	0.4689301729660474	0.6130653266331658	0.3796680497925311	0.5796216672152732	0.5924251147698116	0.5481975967957277	0.4594249201277955	0.610875106202209	0.3681515616999488
28	1025.6211838573217	73.49353888630867	0.5181226978033647	0.5465432755005546	0.510547396528705	0.5097619684407596	0.526228602981778	0.49429460580912865	0.5131534132470192	0.5483217951057782	0.5041388518024033	0.5046679114430515	0.5267260579064588	0.48438300051203276
29	1062.4947584718466	72.16993246786296	0.5225161396401437	0.5627267503218765	0.5068090787716956	0.2898885044213764	0.5601783060921248	0.19553941908713693	0.5238375256016385	0.5686315024066417	0.49746328437917225	0.27892720306513413	0.5540334855403348	0.1863799283154122
30	1098.7713077962399	69.56235628388822	0.5613329161880534	0.5806908500727646	0.5134846461949266	0.3403330919623461	0.5635491606714629	0.2437759336099585	0.565740207373272	0.5907465237347544	0.5126835781041389	0.34139299891735836	0.578239608801956	0.24219150025601638
31	1135.2906315624714	69.95337299443781	0.5216620575158085	0.5592256121517811	0.5036048064085448	0.3433415754150477	0.5382059800664452	0.2520746887966805	0.5216736728293467	0.5618875228659331	0.5009345794392523	0.34166960197252555	0.5474040632054176	0.24833589349718382
32	1171.839744888246	67.643495824188	0.43845841602020563	0.4873184596789509	0.4499332443257677	0.31287525016677786	0.4383177570093458	0.24325726141078838	0.4491078857618316	0.4973940785203237	0.4534045393858478	0.3343089430894309	0.45811051693404636	0.2631848438300051
33	1208.4313650391996	65.3343384731561	0.5039723953349761	0.5552300779956693	0.509479305740988	0.34927382217499114	0.5508379888268157	0.25570539419087135	0.5020911338325653	0.559797075607238	0.5118825100133512	0.3630662020905923	0.5681570338058888	0.2667690732206861
34	1244.6776362881064	62.277846708893776	0.45375796134707475	0.5201355893946638	0.4747663551401869	0.3370407819346141	0.48123195380173245	0.25933609958506226	0.43978686064479555	0.5101276339925866	0.46568758344459277	0.3237580263602568	0.4761431411530815	0.2452636968766001
35	1281.3616635240614	62.42779025994241	0.515116283052864	0.543651582204267	0.4929238985313752	0.29221021244875134	0.519205298013245	0.2033195020746888	0.5177272774028967	0.5517793760613896	0.4934579439252336	0.3048735800659582	0.5360824742268041	0.21300563236047107
36	1317.7602322511375	61.2940116263926	0.5123408016040302	0.5406022392303875	0.5025367156208278	0.49607790100081145	0.5183719615602035	0.4756224066390041	0.5067054291474654	0.5426587030690201	0.4934579439252336	0.49101153742956805	0.5157835400225479	0.4685099846390169
37	1354.195843808353	58.38995463214815	0.5543172823746224	0.5818323039592452	0.5236315086782376	0.4162303664921466	0.5638297872340425	0.32987551867219916	0.5285326832345841	0.57153707993762	0.5148197596795727	0.4094897627559311	0.5604982206405694	0.3225806451612903
38	1390.6751098930836	57.78734850231558	0.4952052080740448	0.5420604609114008	0.49612817089452604	0.42346471127406043	0.5152416356877323	0.35943983402489627	0.4845214379434569	0.5351390863880281	0.4862483311081442	0.4176755447941889	0.5107327905255367	0.3533026113671275
39	1427.1976823061705	55.41777679696679	0.47984457532250735	0.49856887284946005	0.4718291054739653	0.4725333333333333	0.4862788144895719	0.45954356846473027	0.45948654999634264	0.487948379643247	0.46408544726301737	0.474744831196022	0.4855460385438972	0.4644137224782386
40	1463.8826812244952	54.78743048198521	0.552997337273377	0.5657916150282402	0.5289719626168224	0.44000000000000006	0.5671031096563012	0.35943983402489627	0.5424675750676615	0.5666114750779072	0.5225634178905207	0.43560606060606055	0.5679012345679012	0.3533026113671275
41	1500.3625851646066	52.295113161206245	0.5156172570261957	0.5526265234469883	0.5100133511348465	0.4800226693114197	0.5290443472829481	0.43931535269709543	0.4918417635871553	0.5415900809634666	0.49773030707610144	0.4663829787234043	0.5229007633587787	0.42089093701996927
42	1536.880729559809	54.368549852631986	0.46297702427739856	0.5143372235844196	0.4643524699599466	0.3727329580988118	0.4692913385826772	0.3091286307053942	0.46809595814132104	0.5187858073351852	0.4600801068090788	0.37592592592592594	0.4731934731934732	0.3118279569892473
43	1573.6128425337374	53.57858417276293	0.43665148425314626	0.5135563642085464	0.47636849132176234	0.3508771929824561	0.484903934126258	0.274896265560166	0.44135824692780334	0.5215520807152041	0.472630173564753	0.35139573070607555	0.4899267399267399	0.2739375320020481
44	1609.808285832405	52.3354076333344	0.5195406967848604	0.5465650262462649	0.49692923898531377	0.3822950819672131	0.5196078431372549	0.30238589211618255	0.5234286422902494	0.5532044216597549	0.49853137516688917	0.38986354775828463	0.5333333333333333	0.30721966205837176
45	1646.4592002294958	52.64515698235482	0.4854192310063782	0.5246523496492357	0.4886515353805073	0.38680755683637524	0.5054393305439331	0.3132780082987552	0.47515955306853924	0.5191181605241215	0.47049399198931907	0.37107516650808753	0.4875	0.2995391705069124
46	1683.4135671779513	51.78741296194494	0.47621872266765924	0.516479907912391	0.4654205607476635	0.3388375165125495	0.46636363636363637	0.26607883817427386	0.45954855396459654	0.5107581553097517	0.4445927903871829	0.3189259986902423	0.44232515894641233	0.2493599590373784
47	1719.6584467925131	46.58794772485271	0.49786194013660745	0.5306019234193923	0.48304405874499334	0.3259052924791086	0.4957627118644068	0.24273858921161826	0.4882823929302904	0.5271758933138264	0.4606141522029373	0.3086926762491444	0.46542827657378744	0.2309267793138761
48	1756.159016188234	47.28541937563568	0.4676963132882847	0.5299944359665267	0.46194926568758343	0.37635406994738474	0.46661550268610896	0.3153526970954357	0.4664221367310365	0.53240057716577	0.44833110814419225	0.36508912108174557	0.4565718677940046	0.30414746543778803
49	1792.8545942008495	45.526980471331626	0.5446185118874987	0.5656847883303289	0.5332443257676902	0.5122767857142857	0.5543478260869565	0.47614107883817425	0.5437407994111623	0.5669908029139517	0.5279038718291055	0.5036496350364962	0.5574891236793039	0.4592933947772657
50	1829.4553771615028	46.79958350304514	0.44988333443709366	0.4981145064360087	0.4534045393858478	0.41631023666951805	0.4623179227359088	0.37863070539419086	0.449380474636091	0.5038258591728286	0.4456608811748999	0.41355932203389834	0.4612476370510397	0.37480798771121354
51	1865.7270144410431	44.30668915016577	0.46549887873175655	0.524242841065162	0.46809078771695595	0.3403973509933775	0.4706959706959707	0.266597510373444	0.45846962777046296	0.5248320320927222	0.4606141522029373	0.32756324900133155	0.4681255946717412	0.2519201228878648
52	1902.459110878408	47.16508043650538	0.4525831702432307	0.5072714862104188	0.46275033377837116	0.3612698412698413	0.4656301145662848	0.29512448132780084	0.44721847912552115	0.5088642182364411	0.44779706275033376	0.33204134366925064	0.44969378827646544	0.2631848438300051
53	1939.012461360544	47.76472042966634	0.4902325775239383	0.5261594417795991	0.4731642189586115	0.43708987161198287	0.48573240329740014	0.39730290456431533	0.4947065183600322	0.5276582428401708	0.47503337783711613	0.4440045248868778	0.49589387239418825	0.4019457245263697
54	1975.5092008411884	44.18387177446857	0.46495266010043457	0.5264871709762726	0.4801068090787717	0.362684124386252	0.49157054125998223	0.28734439834024894	0.4656043701082584	0.5348944328328202	0.47423230974632846	0.3621639131843214	0.4929453262786596	0.286226318484383
55	2012.1385398805141	45.09678067872301	0.4645191962950192	0.5137319445834788	0.4857142857142857	0.3977485928705441	0.5007874015748032	0.32987551867219916	0.46105407888962036	0.5251455808834069	0.48304405874499334	0.38617628408370325	0.5070774354704413	0.3118279569892473
56	2048.612544786185	44.87166404700838	0.4500156429479992	0.5073140222191783	0.45981308411214955	0.3703703703703704	0.46303501945525294	0.3086099585062241	0.4499356530246507	0.5178186299446982	0.454739652870494	0.36780185758513934	0.46515270164447925	0.30414746543778803
57	2085.1927344612777	42.13197989901528	0.4341985672429818	0.4959241160181812	0.44058744993324434	0.3911653589072944	0.4448116325181758	0.34906639004149376	0.4310797319599883	0.5066325238495116	0.42456608811748997	0.3851640513552069	0.43492268041237114	0.3456221198156682
58	2121.713134236634	43.491634376812726	0.4784181554109756	0.5462799218074035	0.5100133511348465	0.3150429264650989	0.5619174434087882	0.21887966804979253	0.46791980401031386	0.5481789717593146	0.5068090787716956	0.3121042830540037	0.5724043715846995	0.21454173067076293
59	2158.309137377888	40.43260049354285	0.5009251604829447	0.5304088227990756	0.4857142857142857	0.4410911201392919	0.5006587615283268	0.3941908713692946	0.49666778673835127	0.542381627067667	0.4753004005340454	0.4412851862382713	0.4961636828644501	0.3973374295954941
60	2195.0027840323746	42.18093558662804	0.4391986014976125	0.4929630528065907	0.45660881174899864	0.358246609902239	0.4569589702333065	0.2946058091286307	0.43838748537049227	0.5052849099003298	0.44913217623498	0.3611025085165686	0.45689655172413796	0.29851510496671785
61	2231.6967693939805	39.71549351140857	0.44192841010557277	0.5124949364776061	0.45313751668891855	0.4434782608695652	0.4657534246575342	0.42323651452282157	0.44407356356521105	0.5202564571104761	0.442456608811749	0.43719676549865233	0.46158224245873647	0.41525857654889914
62	2268.2965291179717	40.93806235212833	0.4568106198489599	0.5159846633333296	0.4881174899866489	0.3499491353001017	0.5053868756121449	0.2676348547717842	0.44880158044400553	0.5176168988414676	0.47022696929238983	0.3413014608233732	0.48536355051935787	0.2631848438300051
63	2304.9428966343403	38.70822387794033	0.46622150871095247	0.5110122898360411	0.47503337783711613	0.3243986254295533	0.48065173116089616	0.24481327800829875	0.4658943886694463	0.5173704300234082	0.46034712950600803	0.3211286530063822	0.466796875	0.24475166410650281
64	2341.6236004307866	41.157885225489736	0.5323208140270429	0.55745688926698	0.5068090787716956	0.32909553214674897	0.5490909090909091	0.2349585062240664	0.5205733166922684	0.5635891085828426	0.4897196261682243	0.3108546700324558	0.525609756097561	0.22068612391193038
65	2378.3911565952003	39.561618698062375	0.5457664701973295	0.5745188072311374	0.5260347129506008	0.48773448773448774	0.549772283669486	0.4382780082987552	0.5409259049722039	0.5793590230719233	0.5214953271028038	0.4859437751004016	0.5525114155251142	0.4336917562724014
66	2414.911400154233	41.448297653812915	0.44948155616503427	0.5097186969074226	0.46675567423230974	0.3706271667191932	0.472289156626506	0.3049792531120332	0.45162918998244456	0.5213594077424543	0.4718291054739653	0.38609559279950345	0.49014972419227737	0.318484383000512
67	2451.6471670903265	40.78840612550266	0.42464123983493834	0.49802024604686235	0.4712950600801068	0.38047559449311635	0.4794952681388013	0.3153526970954357	0.42004031115134227	0.5039811491061259	0.4600801068090788	0.3712686567164179	0.47268408551068886	0.30568356374807987
68	2488.417540024966	39.530457340180874	0.45224490576551113	0.5173865102471067	0.47289719626168225	0.3768939393939394	0.4814516129032258	0.3096473029045643	0.45256039243654445	0.5259260025698264	0.4696929238985314	0.37820914214151535	0.48670427074939565	0.3092677931387609
69	2525.134007897228	38.82887977757491	0.4689301936300089	0.5255818707518252	0.47690253671562083	0.3899096854562442	0.48791893998441155	0.32468879668049794	0.4614096730762198	0.5293019761299911	0.46194926568758343	0.3862321047822114	0.4766917293233083	0.32462877624167946
70	2561.765039034188	36.80198155902326	0.4376123266430234	0.5044524332688722	0.46328437917222964	0.36028007638446846	0.46622734761120266	0.29356846473029047	0.41849249780557385	0.5074545343171945	0.43871829105473964	0.33690851735015775	0.4387838948233361	0.27342549923195086
71	2598.1724464781582	37.89793418999761	0.48346728796954536	0.5232468034053755	0.4795727636849132	0.31590031590031586	0.48859934853420195	0.23340248962655602	0.47392390255833516	0.5275265101046132	0.4718291054739653	0.31032078103207805	0.48633879781420764	0.22785458269329237
72	2634.4774125516415	39.619727353332564	0.5167913344919011	0.5417337943948932	0.4982643524699599	0.3509499136442142	0.5253360910031024	0.26348547717842324	0.497643277741204	0.5446482446987525	0.4875834445927904	0.3412289735667697	0.5177083333333333	0.25448028673835127
73	2670.929863471538	36.4844221114181	0.45492675789055415	0.5238212136988128	0.49265687583444595	0.3762311227839789	0.5125223613595706	0.2971991701244813	0.4485854237528345	0.5215686628223444	0.4761014686248331	0.35840418574231525	0.49592760180995477	0.2805939580133128
74	2707.52548892051	35.99777784204343	0.43436841311998026	0.49675081343677874	0.4590120160213618	0.3409238776837996	0.4572425828970332	0.2717842323651452	0.43227537991002857	0.5036647956247927	0.4654205607476635	0.3440366972477064	0.47770700636942676	0.26881720430107525
75	2744.211433466524	36.28200311399996	0.4516845570990438	0.5256687030705502	0.4803738317757009	0.3509006004002668	0.491588785046729	0.27282157676348545	0.4531990047363031	0.5300510058974324	0.4766355140186916	0.35185185185185186	0.49673202614379086	0.2724014336917563
76	2780.766561906785	33.46187185891904	0.42006767573196435	0.4893953343013913	0.43177570093457945	0.39750849377123443	0.4376558603491272	0.36410788381742737	0.4159109040121425	0.4922986154901832	0.4283044058744993	0.3957098504092577	0.4408805031446541	0.35893497183819767
77	2817.18057500571	35.76796557859052	0.5082789160464676	0.5448429635159033	0.49078771695594126	0.36454515161612794	0.5097856477166822	0.2837136929460581	0.516254754590008	0.5594343928028049	0.49959946595460614	0.38151815181518156	0.5366759517177344	0.29595494111623144
78	2854.2732048928738	35.2693368664477	0.4561674891584094	0.516182070369513	0.4678237650200267	0.42382191384793294	0.47877204441541477	0.3801867219917012	0.4628013335710628	0.5342226504123171	0.4654205607476635	0.4197101449275363	0.48363393453573816	0.37071172555043524
79	2891.0703242719173	36.57577344356105	0.473114396764536	0.5329578315243116	0.49025367156208277	0.44099560761347	0.5063887020847344	0.39056016597510373	0.4685798462530173	0.5409634113735882	0.4795727636849132	0.4339239035724659	0.5013422818791946	0.3824884792626728
80	2927.4956727214158	36.64962542289868	0.4631725611273884	0.5161929169575714	0.46675567423230974	0.41143530798703215	0.4764505119453925	0.3620331950207469	0.47169761721893055	0.5341639672629392	0.45180240320427234	0.4026767529822519	0.46630727762803237	0.35432667690732206
81	2964.188877351582	34.6226646816358	0.49651658951762623	0.5224573240729942	0.49265687583444595	0.46357989836250707	0.5086741016109045	0.4258298755186722	0.5008417681588765	0.5389287894425471	0.4881174899866489	0.459543276007894	0.5112923462986199	0.4173067076292883
82	3000.7571755461395	34.15739583154209	0.4748194210053962	0.5344663734997481	0.4982643524699599	0.32964680699250803	0.528	0.23962655601659752	0.47021409370199696	0.54512247656695	0.4870493991989319	0.32	0.518348623853211	0.23143881208397338
83	3037.2596105337143	33.606185481417924	0.4135938359933957	0.4938701074129875	0.45180240320427234	0.3704385157927016	0.45311327831957987	0.3132780082987552	0.4185250713188501	0.5006363113911189	0.4475300400534045	0.373599757795943	0.457037037037037	0.3159242191500256
84	3073.590608306229	32.15185891103465	0.4766653174148259	0.528784700488927	0.4785046728971963	0.37303370786516854	0.489469250210615	0.3013485477178423	0.4796692702618682	0.5359266808821141	0.47102803738317756	0.3644529996791787	0.4879725085910653	0.29083461341525857
85	3110.0729915872216	33.877295471029356	0.4308114979093257	0.5046077288908377	0.45554072096128173	0.4244990121366074	0.46563467492260063	0.3900414937759336	0.43272940896788825	0.5096678795915768	0.45367156208277704	0.4304008908685969	0.47162904209884077	0.39580133128520223
86	3146.9886788763106	33.227058643009514	0.4765358634564749	0.5215097079306954	0.4731642189586115	0.33412082348970634	0.4782608695652174	0.2567427385892116	0.4772545442908346	0.5263553262293071	0.46461949265687585	0.3380653681082865	0.4758364312267658	0.26216077828981055
87	3183.607288006693	35.724329438235145	0.493482485607346	0.5205674042694245	0.4731642189586115	0.39161270428615486	0.4828897338403042	0.32935684647302904	0.478441191664838	0.5205493261752677	0.4643524699599466	0.38654434250764524	0.47987851176917234	0.3236047107014849
88	3220.3773228898644	32.38346577400807	0.4443031123757414	0.4887817245433357	0.4648865153538051	0.37802607076350087	0.4706336939721793	0.3158713692946058	0.4378465936105625	0.4943721050209475	0.4475300400534045	0.3639717184137719	0.4553846153846154	0.30312339989759346
89	3256.937135286629	30.98499648575671	0.4661190302742426	0.5123936221439278	0.47049399198931907	0.37621893677257	0.478017585931255	0.31016597510373445	0.4611350840739521	0.5188628152729955	0.4590120160213618	0.3616887208569628	0.4701064701064701	0.2939068100358423
90	3293.2705787047744	31.437203159788623	0.46690374677150104	0.5274889428726612	0.483845126835781	0.4258984258984259	0.4982626824183461	0.37188796680497926	0.451712909626216	0.5221622181162097	0.46942590120160216	0.4056236912952438	0.48776978417266187	0.34715821812596004
91	3329.5949222818017	34.59331055590883	0.4974831410126125	0.5604353999037945	0.5070761014686248	0.3854860186418109	0.5381040892193308	0.30031120331950206	0.48294347981127933	0.5578345325265877	0.49853137516688917	0.37773359840954274	0.5352112676056338	0.29185867895545314
92	3366.050833825022	31.676913116825745	0.46844920152455943	0.5245833238524094	0.47690253671562083	0.44519966015293116	0.4903306300686213	0.40767634854771784	0.4431483614951357	0.514211592357026	0.44966622162883846	0.4189455878206935	0.46612296110414053	0.38044034818228367
93	3402.5519847795367	32.30507429211866	0.4799744574637415	0.5194824571841409	0.4787716955941255	0.4833245103229222	0.4935135135135135	0.47354771784232363	0.4508012798533392	0.5023760718850416	0.4582109479305741	0.45850013344008533	0.47881828316610925	0.43983614951356886
94	3439.149526208639	30.500180172850378	0.49298293891029166	0.5513636481337045	0.49853137516688917	0.4192949907235622	0.5191424196018377	0.3516597510373444	0.48500761191573405	0.5516204998668919	0.48731642189586116	0.41356139279169213	0.5124905374716124	0.3466461853558628
95	3475.5861395448446	29.15484318882227	0.4564532298691245	0.49809159409381815	0.4718291054739653	0.38647642679900746	0.4807098765432099	0.32313278008298757	0.4485009897776314	0.502963406526987	0.4672897196261682	0.3751957406827435	0.4830645161290323	0.30670762928827444
96	3512.4462734498084	32.67075721966103	0.43294185048082084	0.4752745355318424	0.46568758344459277	0.3875114784205693	0.4727408513816281	0.3283195020746888	0.4234849601803087	0.4785575209190942	0.45260347129506007	0.3711656441717791	0.4628921193573068	0.30977982590885816
97	3549.057326603681	31.09666434233077	0.456993311212454	0.5206858513571946	0.47636849132176234	0.39381761978361673	0.48737566947207345	0.3303941908713693	0.46864227882013015	0.5333683365200319	0.4774365821094793	0.39280173751163516	0.4984251968503937	0.3241167434715822
98	3585.6841102577746	29.431674524443224	0.45299779400178586	0.49769680030983454	0.4611481975967957	0.48651399491094144	0.4775224775224775	0.495850622406639	0.46243331001755544	0.5085478272558086	0.4753004005340454	0.5049130763416477	0.49702380952380953	0.5130568356374808
99	3622.9032218940556	32.941475245170295	0.49458534198681425	0.534644145744421	0.483845126835781	0.46409758802328804	0.49851101846337104	0.4341286307053942	0.4983368935611879	0.5545525059121279	0.4835781041388518	0.46128133704735375	0.5058032987171656	0.423963133640553
100	3659.464846674353	31.545016075950116	0.4685359799222192	0.5148358741168781	0.47716955941255007	0.3858218318695106	0.4880952380952381	0.31898340248962653	0.473128565942506	0.5249451061539417	0.47503337783711613	0.3833124215809285	0.49473684210526314	0.3128520225294419
