Epoch	Time(sec)	Loss_train	AUC_dev	PRC_dev	acc_dev	F1_dev	P_dev	R_dev	AUC_test	PRC_test	acc_test	F1_test	P_test	R_test
1	30.240882769227028	109.67084616422653	0.714456440053522	0.7252965499038133	0.6556032799687622	0.6440677966101696	0.6981627296587927	0.597752808988764	0.7182510885341074	0.7246324289766146	0.6671398154719659	0.6618601297764959	0.6881559220389805	0.6375
2	58.887794729322195	98.16502547264099	0.7486741695230065	0.7605344505627336	0.6626317844591956	0.6183745583038869	0.7534983853606028	0.5243445692883895	0.7342424608934042	0.7460155459530605	0.6650106458481192	0.6181229773462784	0.7403100775193798	0.5305555555555556
3	87.17610320076346	94.66235154867172	0.7688478716449463	0.7860838649527644	0.6926981647793831	0.7251135172895563	0.6793193717277487	0.7775280898876404	0.7608934042896307	0.7737178758775439	0.680624556422995	0.7201492537313433	0.652027027027027	0.8041666666666667
4	115.70383551716805	92.78796491026878	0.7819995600931136	0.7985663228423215	0.698945724326435	0.7410144440712126	0.6717417783191231	0.8262172284644195	0.7619476697306886	0.7785470240635735	0.6756564939673527	0.7204892966360855	0.6437158469945355	0.8180555555555555
5	143.5456885844469	89.13090455532074	0.7833568561321187	0.7973594392795256	0.6997266692698165	0.7437520826391203	0.6698679471788715	0.8359550561797753	0.780763183357523	0.791343857545747	0.6891412349183819	0.7358262967430639	0.650319829424307	0.8472222222222222
6	172.239741217345	87.39537316560745	0.7797972762431952	0.8017555144768231	0.6969933619679812	0.7100149476831091	0.7084265473527218	0.7116104868913857	0.7721980325753911	0.7899830480271528	0.6863023420865862	0.7029569892473119	0.6809895833333334	0.7263888888888889
7	200.3560366667807	84.86878192424774	0.7901705250166493	0.8052157106967621	0.6899648574775479	0.6550825369244135	0.7797311271975181	0.5647940074906367	0.7891590066118368	0.8010376372992063	0.6933995741660752	0.653290529695024	0.7737642585551331	0.5652777777777778
8	228.3290585502982	83.91942581534386	0.8105369918922718	0.8285729715069308	0.7286216321749317	0.7511636233440745	0.7194787379972565	0.7857677902621722	0.7963574423480083	0.8109046443491166	0.7182398864442867	0.7362126245847176	0.7057324840764331	0.7694444444444445
9	256.3749565780163	80.96306496858597	0.8137403693995883	0.8314314045162952	0.7379929714955096	0.7517573066962634	0.7426900584795322	0.7610486891385768	0.8025016126431221	0.8186239031211475	0.7253371185237757	0.7372708757637475	0.7211155378486056	0.7541666666666667
10	284.09459187835455	78.16472259163857	0.8207874333266125	0.836423536460151	0.7411167512690355	0.7554407967539654	0.7441860465116279	0.7670411985018727	0.8080692630220931	0.8210261679979456	0.716820440028389	0.7313131313131314	0.7098039215686275	0.7541666666666667
11	311.7228266634047	74.73462635278702	0.8308215872084854	0.8468508119751903	0.7489262007028504	0.7636898199191474	0.7496392496392497	0.7782771535580524	0.8239457345589422	0.8347643022996548	0.7494677075940384	0.764195056780227	0.7361647361647362	0.7944444444444444
12	339.565149217844	72.6072368323803	0.8386287124780811	0.8539609315518077	0.7598594299101913	0.7669571807502841	0.7760736196319018	0.7580524344569288	0.8263969521044994	0.8376541006629612	0.7494677075940384	0.7577213452299246	0.7489823609226595	0.7666666666666667
13	367.14252496883273	69.6752260029316	0.838502239248248	0.8546054801362194	0.748145255759469	0.7705442902881536	0.733739837398374	0.8112359550561797	0.8231494920174165	0.8319039755693016	0.7388218594748048	0.7604166666666667	0.7156862745098039	0.8111111111111111
14	394.8858082406223	67.53992383182049	0.8481074839159044	0.8625664231806772	0.7575165950800469	0.7833972793861179	0.7330287206266318	0.8411985018726592	0.8375725689404935	0.8438547437166103	0.7508871540099361	0.7777074097530082	0.7147846332945286	0.8527777777777777
15	422.5517189130187	64.04529118537903	0.8601548227847328	0.8739904496490505	0.7809449433814916	0.7806022682831443	0.8166939443535188	0.7475655430711611	0.8391912594742784	0.8473760578169923	0.751596877217885	0.7538677918424754	0.7635327635327636	0.7444444444444445
16	450.8717434890568	61.52576479315758	0.8638757018653274	0.8735202526846362	0.7922686450605232	0.8059810357403355	0.7853589196872779	0.8277153558052435	0.8465932914046123	0.8529841307301353	0.7707594038325053	0.7839464882943143	0.7561290322580645	0.8138888888888889
17	478.6102733872831	57.75732472538948	0.8681745697160768	0.8793879333141624	0.787973447871925	0.7983661344225771	0.7916053019145802	0.8052434456928839	0.847677793904209	0.8588284043276555	0.7565649396735273	0.7696440564137004	0.7451235370611183	0.7958333333333333
18	506.40904672816396	55.20917962491512	0.8718166321461958	0.8809554463285589	0.7996876220226474	0.8121567191504944	0.7944126074498568	0.8307116104868913	0.8386369134010643	0.8473270869341507	0.7579843860894251	0.7740225314777998	0.7401774397972116	0.8111111111111111
19	533.9185472987592	52.043708726763725	0.8714170500577377	0.8822762203668707	0.7965638422491215	0.8085262771040058	0.7936507936507936	0.8239700374531835	0.8434143686502177	0.8502747164636919	0.7544357700496807	0.7684069611780455	0.7416020671834626	0.7972222222222223
20	561.880566496402	49.12885992228985	0.8795834326178736	0.8867327855533402	0.8032018742678642	0.81831290555155	0.7887421820708825	0.850187265917603	0.8608248669569424	0.8661127007895666	0.7792760823278921	0.7965990843688685	0.7527812113720643	0.8458333333333333
21	589.624753523618	48.19651387631893	0.8754800789388468	0.8848625405993408	0.7922686450605232	0.8017883755588674	0.7976278724981468	0.8059925093632959	0.8539590388646993	0.8617614351184738	0.7693399574166075	0.7802569303583503	0.7602108036890646	0.8013888888888889
22	618.0025442652404	45.66423796117306	0.8805292324235814	0.893055744243782	0.8043732916829364	0.8135467063639749	0.8084319526627219	0.8187265917602996	0.8590146750524108	0.8687925491617559	0.7735982966643009	0.784895482130816	0.762778505897772	0.8083333333333333
23	645.9981314986944	42.518257327377796	0.8795168356031307	0.8913662751949715	0.8024209293244826	0.8135593220338982	0.8005801305293692	0.8269662921348314	0.8476445331398161	0.859622193616769	0.7579843860894251	0.770987239758227	0.7464239271781534	0.7972222222222223
24	674.2683619521558	41.32999553531408	0.8798712050393778	0.8905004296308172	0.8032018742678642	0.8032786885245901	0.8386308068459658	0.7707865168539326	0.8582950330591841	0.8693623141602957	0.7785663591199432	0.7799717912552891	0.7922636103151862	0.7680555555555556
25	702.2164815701544	38.79461418837309	0.8763660025294645	0.8873070505090379	0.7934400624755955	0.8057289753947852	0.7903458213256485	0.8217228464419476	0.855972826963393	0.8635988784383106	0.7750177430801988	0.7890884896872921	0.7573435504469987	0.8236111111111111
26	730.1255062520504	38.13824424147606	0.8778152513273579	0.8870503024288774	0.8035923467395548	0.8080885158336512	0.8234836702954899	0.7932584269662921	0.8560453959038864	0.8629438507152764	0.7785663591199432	0.78393351800554	0.7817679558011049	0.7861111111111111
27	757.6443065330386	35.59716776013374	0.8783605525719279	0.8848980467514569	0.8000780944943382	0.8143582306018855	0.7891777933942375	0.8411985018726592	0.8627086357039186	0.8642877846333098	0.794889992902768	0.8074616922051966	0.7759282970550576	0.8416666666666667
28	785.9023453742266	34.07704358547926	0.8772714775372547	0.8889037997763807	0.7992971495509567	0.8089219330855018	0.8029520295202952	0.8149812734082397	0.857625786163522	0.8644874349474873	0.7764371894960965	0.7892976588628763	0.7612903225806451	0.8194444444444444
29	813.7763408012688	32.90478243678808	0.876439625834754	0.8844510910559705	0.792659117532214	0.8066982162358936	0.7847025495750708	0.8299625468164794	0.8552733430091921	0.859596283386446	0.7792760823278921	0.7941760423560555	0.7585335018963337	0.8333333333333334
30	841.3853810913861	31.455123014748096	0.88302998087627	0.8880080275962924	0.7996876220226474	0.8086534875046625	0.8053491827637445	0.8119850187265918	0.8623165618448636	0.868743083587327	0.7899219304471257	0.7997293640054127	0.7796833773087071	0.8208333333333333
31	869.321586240083	30.255295172333717	0.8786917047002829	0.8851999489877167	0.7950019523623585	0.8077627242768217	0.7901146131805158	0.8262172284644195	0.8498881228834059	0.8534802547316644	0.7828246983676366	0.7973509933774835	0.7620253164556962	0.8361111111111111
32	897.0199907198548	29.53223543614149	0.8847028490080712	0.8938017301597525	0.8074970714564623	0.8137514166981489	0.8208841463414634	0.8067415730337079	0.8634504515400743	0.8726724690931087	0.7821149751596878	0.7907293796864349	0.7764390896921017	0.8055555555555556
33	924.8417970575392	28.534411385655403	0.8773570149873833	0.887105811308984	0.7965638422491215	0.8121168409664623	0.7830319888734353	0.8434456928838951	0.8518787292372197	0.8560661223162996	0.7764371894960965	0.7926267281105991	0.753441802252816	0.8361111111111111
34	952.8602048456669	26.94564789533615	0.883242297047125	0.8918078208009844	0.8063256540413901	0.8189781021897811	0.798576512455516	0.8404494382022472	0.8628900580551524	0.8699877973862855	0.7849538679914834	0.7981345769487009	0.7669654289372599	0.8319444444444445
35	980.8112447857857	26.640384048223495	0.8708729707767411	0.878958854468529	0.7985162046075752	0.8116788321167883	0.7914590747330961	0.8329588014981273	0.83972040799871	0.8455163013057193	0.7650816181689141	0.7791861240827218	0.7496790757381258	0.8111111111111111
36	1008.3922036923468	25.543812911957502	0.881049177924006	0.8892355161620243	0.8145255759468958	0.8212269476853594	0.8252647503782148	0.8172284644194756	0.8558720367682631	0.8562976822747095	0.7828246983676366	0.7895460797799175	0.782016348773842	0.7972222222222223
37	1035.6031247228384	23.716609489172697	0.8827626763446181	0.8929948176495122	0.8047637641546271	0.8134328358208954	0.8104089219330854	0.8164794007490637	0.8558166021609417	0.8672129009955909	0.7814052519517388	0.7924528301886792	0.7696335078534031	0.8166666666666667
38	1063.0878399088979	23.032485865056515	0.8838089826542271	0.894044319802998	0.8047637641546271	0.8121712997746054	0.814619442351168	0.8097378277153559	0.8569474681502984	0.8679488275587418	0.7778566359119943	0.7866394001363328	0.7724230254350736	0.8013888888888889
39	1090.5588497109711	22.266404077410698	0.8815068032821941	0.8897039045889403	0.8043732916829364	0.8138238573021181	0.8075221238938053	0.8202247191011236	0.8503769553297855	0.8542553014360108	0.7750177430801988	0.783617747440273	0.7704697986577181	0.7972222222222223
40	1118.9092391878366	21.92574831843376	0.8821104532873875	0.8916488193748798	0.8059351815696993	0.8165374677002584	0.8049490538573508	0.8284644194756554	0.8469853652636672	0.8485542895378368	0.7785663591199432	0.7900403768506056	0.7663185378590078	0.8152777777777778
41	1146.6417948715389	21.264145474880934	0.8775409205051597	0.8891540523800503	0.7934400624755955	0.8052999631947001	0.7916063675832128	0.8194756554307117	0.8481222786647314	0.8494095435651436	0.7743080198722498	0.7871485943775101	0.7596899224806202	0.8166666666666667
42	1173.8958440944552	21.327053606510162	0.8781827568720177	0.8875925654310298	0.7950019523623585	0.8054835124120046	0.7969208211143695	0.8142322097378277	0.849610949846799	0.8533253897415826	0.7693399574166075	0.7840531561461794	0.7515923566878981	0.8194444444444444
43	1201.4452858828008	21.58578086271882	0.8856031306706748	0.8950524585704788	0.8145255759468958	0.8256880733944953	0.8093525179856115	0.8426966292134831	0.8447941864215448	0.8370325095514218	0.765791341376863	0.7791164658634538	0.751937984496124	0.8083333333333333
44	1229.2294809184968	21.380068508908153	0.884626476284742	0.8951259341812582	0.8071065989847716	0.8233190271816881	0.7878165639972622	0.8621722846441947	0.8554104176745686	0.8602398372226404	0.7792760823278921	0.7968647942521228	0.752157829839704	0.8472222222222222
45	1256.662810690701	19.48296532034874	0.8748733740247204	0.8839508481029704	0.8035923467395548	0.8159531650201245	0.7975679542203148	0.8352059925093633	0.8493992904370262	0.8514880842434074	0.7735982966643009	0.7871914609739826	0.7573812580231065	0.8194444444444444
46	1284.3666340634227	19.10349147580564	0.8800444183758882	0.8923426727444896	0.7996876220226474	0.8103512014787431	0.8	0.8209737827715355	0.8448647395581357	0.8484386110704576	0.7778566359119943	0.7872195785180149	0.7709720372836218	0.8041666666666667
47	1311.7339705079794	18.982677716761827	0.876837374977852	0.8891888531765686	0.8051542366263178	0.8127579737335835	0.8142857142857143	0.8112359550561797	0.8373336961780358	0.8437097590139156	0.7665010645848119	0.7763426240652618	0.7603195739014648	0.7930555555555555
48	1339.838464602828	19.20176670886576	0.8861875347495892	0.8976136903828829	0.8086684888715345	0.8186528497409327	0.8090709583028529	0.8284644194756554	0.8399673439767779	0.8494411667983943	0.7650816181689141	0.7782987273945077	0.7516170763260026	0.8069444444444445
49	1367.7953082621098	18.696922972798347	0.882133059613493	0.8910837294352465	0.8074970714564623	0.8155630377852601	0.8146487294469357	0.8164794007490637	0.8487824544428317	0.8634168494026041	0.7771469127040455	0.7878378378378379	0.7671052631578947	0.8097222222222222
50	1395.1335447207093	18.798575401306152	0.8812007014070911	0.8906072010986671	0.8090589613432253	0.8171962616822429	0.8156716417910448	0.8187265917602996	0.851253830027415	0.8512949859886008	0.7863733144073811	0.7967589466576637	0.7752956636005256	0.8194444444444444
51	1422.639335218817	18.092228105291724	0.8759624490593935	0.8811928342844658	0.8047637641546271	0.816849816849817	0.7992831541218638	0.8352059925093633	0.8410478148685696	0.8445401350508317	0.7757274662881476	0.7882037533512065	0.7616580310880829	0.8166666666666667
52	1450.69992095232	17.438563296571374	0.8799594919075462	0.890626179355225	0.7996876220226474	0.8075046904315197	0.8090225563909774	0.8059925093632959	0.8428842122238349	0.8423481717960839	0.7778566359119943	0.7886563133018231	0.7674113009198423	0.8111111111111111
53	1478.6957431472838	16.1713614622131	0.8764790341599917	0.8852049874814688	0.8059351815696993	0.8166728144596092	0.8045058139534884	0.8292134831460675	0.8464904854055797	0.8518675322131065	0.7743080198722498	0.7862903225806451	0.76171875	0.8125
54	1506.2355951927602	17.696218656376004	0.8810846148676308	0.8897689646730915	0.8106208512299883	0.8238285506719942	0.7997179125528914	0.849438202247191	0.8457234720206417	0.8369834260915127	0.7679205110007097	0.7838730998017184	0.7477931904161412	0.8236111111111111
55	1533.9191402979195	15.650007367134094	0.8851109848415418	0.8901062038262251	0.8063256540413901	0.8208092485549133	0.7927424982554082	0.850936329588015	0.8481293339783905	0.8446358789446444	0.7721788502484032	0.7897838899803535	0.7472118959107806	0.8375
56	1561.3933717906475	16.090084260329604	0.8793912788459776	0.8890020943937431	0.8055447090980086	0.8109339407744875	0.8221709006928406	0.8	0.8422593130140301	0.8459977580868658	0.7700496806245565	0.776243093922652	0.771978021978022	0.7805555555555556
57	1588.7591610066593	15.770481996238232	0.8794477946612411	0.8893038899879881	0.8071065989847716	0.8140060240963857	0.8183194549583649	0.8097378277153559	0.8419730688598612	0.8434933832757098	0.7714691270404542	0.7827260458839408	0.7611548556430446	0.8055555555555556
58	1617.0751750580966	15.818271853029728	0.8820927348155752	0.8881809545823551	0.8160874658336588	0.8237934904601572	0.8228699551569507	0.8247191011235955	0.84312106918239	0.8473498242185524	0.7778566359119943	0.7883705206220419	0.7681159420289855	0.8097222222222222
59	1644.5409689210355	15.595810443162918	0.883195862431341	0.8920775091230257	0.8074970714564623	0.8124762267021681	0.8253477588871716	0.8	0.8495635784550879	0.857438630941594	0.7806955287437899	0.7852675469075747	0.7858136300417247	0.7847222222222222
60	1672.0674348808825	13.439162980765104	0.8762059253013668	0.8824510864710837	0.8047637641546271	0.814540059347181	0.8067597354886114	0.8224719101123595	0.8476102644734721	0.8522097445514178	0.7757274662881476	0.7898936170212766	0.7576530612244898	0.825
61	1699.7484273836017	14.665241859853268	0.8764316830715276	0.8830606048869197	0.8071065989847716	0.8182487122884473	0.8040491684743312	0.8329588014981273	0.8456539267860023	0.8486377307769934	0.7821149751596878	0.796013289036545	0.7630573248407644	0.8319444444444445
62	1727.4963397718966	14.726429723203182	0.8788594192007135	0.8862780984851497	0.8094494338149161	0.8208516886930983	0.8048956083513319	0.8374531835205993	0.8435343089824222	0.8456795099268173	0.7707594038325053	0.7876397107166337	0.7478152309612984	0.8319444444444445
63	1755.3136985599995	13.913422986865044	0.8799381075450139	0.8883330633729939	0.811011323701679	0.8200743494423792	0.8140221402214022	0.8262172284644195	0.8367239154975004	0.832801646344099	0.7608232789212207	0.7739771965124078	0.748378728923476	0.8013888888888889
64	1783.1916917786002	14.176005472429097	0.8773542655693434	0.8877983467942764	0.8012495119094104	0.8079969822708412	0.8138297872340425	0.802247191011236	0.8400157232704403	0.8396261556999899	0.7743080198722498	0.7815934065934065	0.7730978260869565	0.7902777777777777
65	1811.575863365084	14.366780161857605	0.8801131538268844	0.89003493906823	0.8082780163998438	0.819285977180714	0.8053545586107091	0.8337078651685393	0.8469974600870828	0.8470346094722542	0.7821149751596878	0.796013289036545	0.7630573248407644	0.8319444444444445
66	1839.458797492087	14.304275267757475	0.8809529482926114	0.893000603268428	0.8086684888715345	0.8148148148148147	0.8222730739893211	0.8074906367041198	0.8413935252378648	0.8431756475395915	0.7707594038325053	0.7798227675528289	0.7657295850066934	0.7944444444444444
67	1867.6332887522876	13.220391375478357	0.8791728528572563	0.8887969892828187	0.8063256540413901	0.8169741697416976	0.8050909090909091	0.8292134831460675	0.8404793581680375	0.8442645206065866	0.7735982966643009	0.7871914609739826	0.7573812580231065	0.8194444444444444
68	1895.6491140685976	13.81381263770163	0.8755546187168161	0.8877979887618639	0.7989066770792659	0.8119751734209565	0.792022792022792	0.8329588014981273	0.8604589985486213	0.8620198636241865	0.7920511000709723	0.8040133779264214	0.775483870967742	0.8347222222222223
69	1922.9543284215033	14.214519096538424	0.8804100909751881	0.890335795274425	0.8121827411167513	0.8205893323386796	0.8172362555720654	0.8239700374531835	0.8568557490727302	0.8613181784870134	0.794180269694819	0.8048452220726785	0.7806788511749347	0.8305555555555556
70	1950.3513238877058	12.906241413205862	0.8784812214747877	0.8916006304053243	0.8035923467395548	0.8144596090003688	0.8023255813953488	0.8269662921348314	0.8408391791646508	0.8483831087299342	0.7665010645848119	0.7796383121232418	0.7529107373868047	0.8083333333333333
71	1978.4849112555385	13.630077797919512	0.8797172376291463	0.891295357115841	0.8121827411167513	0.8208566108007449	0.8162962962962963	0.8254681647940075	0.8518878003547814	0.85629787606574	0.7714691270404542	0.7836021505376344	0.7591145833333334	0.8097222222222222
72	2006.241931911558	14.008818993344903	0.880104905572765	0.8905702550014969	0.8063256540413901	0.8150633855331841	0.8114328136599851	0.8187265917602996	0.8440453152717304	0.8455322254666429	0.7771469127040455	0.7863945578231293	0.7706666666666667	0.8027777777777778
73	2034.5038680545986	12.369129657745361	0.8807201642319041	0.8893772214540129	0.8098399062866068	0.8167105758374107	0.8207261724659607	0.8127340823970037	0.8430787373004354	0.8456857596593365	0.7707594038325053	0.7810169491525425	0.7629139072847683	0.8
74	2062.2091407217085	12.792967804707587	0.8794413793524816	0.8899987677284062	0.8102303787582975	0.8217168011738812	0.805176132278936	0.8389513108614233	0.8490555958716337	0.8536881209788778	0.7743080198722498	0.7865771812080536	0.7610389610389611	0.8138888888888889
75	2089.569380246103	13.232941066846251	0.8831989173402741	0.8916389187124277	0.8078875439281531	0.8147590361445783	0.8190764572293717	0.8104868913857678	0.8439112643122078	0.8440165795508906	0.7764371894960965	0.7846889952153109	0.7725437415881561	0.7972222222222223
