Epoch	Time(sec)	Loss_train	AUC_dev	PRC_dev	acc_dev	F1_dev	P_dev	R_dev	AUC_test	PRC_test	acc_test	F1_test	P_test	R_test
1	37.93052513152361	101.31922566890717	0.5280106938874711	0.5003712093034073	0.5128389297899084	0.6534678758462128	0.5112932240655607	0.9051663128096249	0.508561163090444	0.4704900373461328	0.49990864242645716	0.6421754477709505	0.49606140173702284	0.910303928836175
2	74.32477168366313	63.86040225625038	0.5240678904985966	0.4952565258909294	0.5334889567247262	0.6255405015854713	0.5277237354085603	0.7678697806086341	0.510473757671682	0.4712325705714323	0.5194591631646264	0.610023724792408	0.5084033613445378	0.762416604892513
3	110.1994423083961	40.331228425726295	0.5222604202062046	0.4932597521864329	0.5184054587897289	0.6297625621203754	0.5162969669533726	0.8071479122434536	0.5102732754993689	0.47188318103691906	0.5090443997807418	0.619459000141623	0.5012606005042402	0.8106004447739066
4	145.7734894566238	28.781318495050073	0.5019856888498782	0.4838875539858353	0.5173280660800862	0.6320832192718314	0.5154017857142857	0.8170559094125973	0.49142180727799706	0.46198191457683263	0.5094098300749133	0.625575233579696	0.5014531634249945	0.8313565604151223
5	181.1964957676828	21.406758978031576	0.4605475844193507	0.46239722592089283	0.508888489854552	0.5628895636886686	0.5132614398134655	0.6231422505307855	0.44504404330201214	0.44230486266238356	0.4926000365430294	0.5463159614442085	0.48846041484078295	0.6197183098591549
6	216.74345540627837	18.183649415150285	0.5582738561954911	0.5274299331263385	0.5241515532411564	0.6407266811279827	0.5193406593406593	0.8361641896673744	0.5475193503362517	0.5061259393165579	0.5216517449296547	0.6370945383975604	0.5088573959255979	0.8517420311341735
7	252.5737200602889	15.530659685377032	0.5313873647106357	0.5076293258240177	0.5295385167893697	0.5711947626841243	0.5313641900121803	0.6174805378627035	0.5208023293864658	0.4865172254251444	0.5189110177233692	0.5593305439330545	0.5099176075678975	0.6193476649369903
8	288.7560116164386	12.853795004775748	0.5439754774360986	0.5094429950846858	0.5561142036272221	0.6395450568678914	0.5438988095238095	0.7760084925690022	0.530487448159798	0.4848894849967008	0.5437602777270236	0.6278133850052168	0.525056095736724	0.7805782060785768
9	324.63093718886375	9.114666568115354	0.5343771535548636	0.5008152238488564	0.5562937690788292	0.6053346110844913	0.5516739446870451	0.6705590941259731	0.5272365916695049	0.48210890185332833	0.5444911383153663	0.5941722285528244	0.5297532656023222	0.6764269829503335
10	360.4243054613471	10.996180763351731	0.4842495560339011	0.46953490332562176	0.526845035015263	0.5912827671785327	0.5263739298536316	0.6744515215852795	0.4683978789760851	0.445302483748913	0.5187283025762836	0.5855884203901826	0.5087479496992893	0.689770200148258
11	395.8639512658119	8.10107141197659	0.535232383324574	0.5063712808702432	0.5410307056922248	0.6094132029339853	0.5363098440021516	0.7055909412597311	0.52018545602682	0.4821168143032983	0.5284122053718253	0.5964034401876466	0.5158236407898296	0.706819866567828
12	432.5942895002663	6.372739249636652	0.4801505937135484	0.46630420318056565	0.5189441551445502	0.6063188831741367	0.5184719778838904	0.7300070771408351	0.46210853551846875	0.44055301364385063	0.5031975150739997	0.5925370897647234	0.49735849056603776	0.7327650111193477
13	468.4607938453555	5.662349244666984	0.5798791958118188	0.5363841850556205	0.5756868378523972	0.5755343991377762	0.5844582269244801	0.5668789808917197	0.568656529027174	0.5162706776009741	0.5664169559656496	0.562902928716154	0.5595020139143171	0.5663454410674573
14	504.98894676193595	8.430973223861656	0.5429657012806709	0.5037368682755153	0.5440833183695457	0.6586906842317516	0.5311077389984825	0.8669497523000708	0.5286403007900413	0.4838702094469005	0.5306047871368537	0.6471638511193517	0.5140737508182414	0.8732394366197183
15	540.7707729488611	5.601890083446051	0.5444465988055809	0.507374535055675	0.5374393966600826	0.5614572693224379	0.541010498687664	0.583510261854211	0.5277006658252025	0.4833359758276952	0.5145258541933126	0.5384749001215912	0.5067015364498202	0.5744996293550778
16	576.2738219350576	7.449892473465297	0.5527121858664106	0.5270074885443616	0.5369007003052613	0.6162773396815951	0.5317073170731708	0.7328379334748761	0.5388130680717782	0.5071456893952146	0.5183628722821122	0.5993920972644377	0.5079855744461618	0.7309117865085248
17	611.7105578221381	3.6038205928198295	0.5218655400002942	0.48734952510419766	0.537978093014904	0.652250304095148	0.5276623660616663	0.8538570417551309	0.5033264546978409	0.46303357685574675	0.5220171752238261	0.6383743433784904	0.5090388007054674	0.8558191252779836
18	647.0959786400199	4.410439317594864	0.5475081136852501	0.5121786219004706	0.5360028730472257	0.6564743419303377	0.5257666098807495	0.8736730360934183	0.5403031274417487	0.4953141872460198	0.5234788964005116	0.6458446496469309	0.5096442348906987	0.8813936249073387
19	682.4155873097479	6.995140475046355	0.5249542746524061	0.5161015314581698	0.5212785060154427	0.5235882773409578	0.5288808664259927	0.5184005661712668	0.5056319328965734	0.49157843430467923	0.498812351543943	0.49344413665743303	0.4917188075082812	0.4951816160118606
20	718.0152189023793	5.8055463557248	0.5552115672938567	0.5250030623751882	0.5449811456275813	0.6405673758865248	0.5345643939393939	0.7990092002830856	0.5416335757551473	0.5005373400299138	0.530970217431025	0.6305943301194418	0.5154081392613503	0.8120830244625649
21	753.4277055561543	3.456272048133542	0.5156379527738237	0.4829593996901797	0.5674268270784701	0.642316258351893	0.5533384497313891	0.7653927813163482	0.5001740361562452	0.45955274263501683	0.5490590169925087	0.626060606060606	0.5294720656073808	0.765752409191994
22	788.9793550148606	2.699294136473327	0.4437053824713437	0.44925301435486853	0.5128389297899084	0.610592794603129	0.5136440473315624	0.7526539278131635	0.42847080586887853	0.426810772630609	0.501735793897314	0.6038064797326747	0.4965352449223417	0.7702001482579689
23	824.4187133014202	3.3694249697728083	0.5055553491496981	0.48191432935963086	0.5155324115640151	0.5811859670909656	0.5176991150442478	0.6624203821656051	0.4865956764770701	0.4573620190241084	0.4953407637493148	0.5631129389433723	0.4911699779249448	0.6597479614529281
24	860.1961648873985	4.471694406980532	0.5675829538690649	0.5305581793824472	0.5584485544981146	0.6173953633110316	0.5509580672035546	0.7020523708421798	0.5484191827112509	0.502963891815049	0.5346245203727389	0.5975667562016116	0.5207931699256403	0.700889547813195
25	895.9675901010633	5.936148679953476	0.5584302731342909	0.5236798040030524	0.5665289998204346	0.6425821735267989	0.5524439918533605	0.7678697806086341	0.5418110178377042	0.4981239808090336	0.5468664352274804	0.626280892103677	0.5276790248857288	0.7702001482579689
26	931.6014491766691	3.890994775458239	0.5749410001757029	0.5436198237582082	0.5593463817561501	0.6496287835522558	0.5445189085686931	0.8050247699929228	0.5706080580209565	0.5250177976942478	0.5477800109629088	0.6393705376657438	0.5267707082833133	0.8131949592290586
27	967.0066660568118	4.067177504999563	0.5388059137342199	0.5134414521306683	0.5471359310468665	0.6526170798898072	0.5342805593143888	0.8382873319179052	0.5242330321425948	0.48760328471938624	0.5284122053718253	0.6376526744349291	0.5132203389830509	0.8417346182357301
28	1002.3132774345577	3.0309264142342727	0.5280915146810037	0.5024958568725452	0.5345663494343689	0.5846153846153846	0.5342706502636204	0.6454352441613588	0.508726784605213	0.4731842768973487	0.5121505572811986	0.56286836935167	0.5041055718475074	0.6371386212008896
29	1038.1848996840417	2.7054926294295	0.5501327576673971	0.5343200616961373	0.5509068055306159	0.653840830449827	0.5369402136849284	0.8358103326256192	0.5330058969273203	0.5008167929586889	0.5320665083135392	0.6375088464260439	0.515685825509503	0.8346923647146034
30	1073.8526780605316	3.874928453216853	0.5726122905915824	0.5370647741256087	0.5571915963368648	0.6449755254822921	0.5436893203883495	0.7926397735314933	0.5566730778220772	0.5106824245793963	0.547049150374566	0.6346352247605012	0.5267922681673599	0.7979985174203114
31	1109.5455593466759	3.0963570326493937	0.5691456397149639	0.5397460480379351	0.5600646435625786	0.6494992846924177	0.5451488952929875	0.8032554847841472	0.5478866561149733	0.5083234822410941	0.5386442536086241	0.6320850939822236	0.5207683073229292	0.8039288361749444
32	1145.3838088326156	3.7910981340683065	0.5585376041801314	0.5161451748933511	0.5641946489495421	0.663430869504923	0.5454960091220068	0.8464260438782731	0.544235770240218	0.491163312631606	0.5433948474328522	0.6466845751449173	0.5227428571428572	0.8476649369903633
33	1180.9205608144403	1.6267762003662938	0.5529480690603038	0.5224899140124052	0.5564733345304363	0.6241631162507608	0.5475173518419648	0.7257607926397736	0.5386971330114398	0.4950731667064782	0.5432121322857665	0.6118012422360248	0.5264564404061999	0.7301704966641956
34	1216.407960448414	3.232304034769186	0.5325660711599673	0.49222047063432717	0.5699407434009697	0.6480529022777369	0.5541593365167128	0.7802547770700637	0.5093594855047783	0.463356870253087	0.5474145806687375	0.6284685765711715	0.527840765936004	0.7765011119347665
35	1252.2933556251228	2.232971503319277	0.5358250261425919	0.49492795280405666	0.5746094451427546	0.6587930289500217	0.5555015788195288	0.8092710544939844	0.5154725221886082	0.4679320823547227	0.5505207381691942	0.6397188049209139	0.5288135593220339	0.809488510007413
36	1288.4881486296654	1.8708743424685963	0.5044637846732815	0.4845511673301244	0.5318728676602622	0.6615604310009088	0.5224523272503588	0.9016277423920736	0.4921148798910104	0.4644825999454434	0.5136122784578842	0.6461047593725073	0.503731343283582	0.9006671608598962
37	1324.630637537688	6.913956614647759	0.5475596506477661	0.509166575718293	0.5561142036272221	0.644521138912856	0.5428779069767442	0.7929936305732485	0.5369632493872671	0.48832507047362955	0.544673853462452	0.6329896907216495	0.5251710654936461	0.7965159377316531
38	1360.8492667488754	3.5659297521160624	0.5546883929472151	0.5215826105227032	0.5643742144011492	0.6272280270436387	0.5543183052688756	0.7222222222222222	0.5405819459192328	0.4978902869706264	0.5532614653754796	0.6140489344909235	0.5347814132526808	0.7209043736100815
39	1396.822835315019	1.7623645912208303	0.5804620343516108	0.5650128994937973	0.5609624708206141	0.6532406750815486	0.5450887573964497	0.8149327671620665	0.5677938279272601	0.5450331129169389	0.54942444728668	0.6409435061153174	0.5278177458033573	0.8157894736842105
40	1433.0162221975625	2.6910979457716167	0.5938794471109501	0.6018864708006308	0.5467768001436524	0.6578091106290672	0.5331868131868132	0.8584571832979476	0.5823733963763615	0.5761787128020027	0.5293257811072538	0.6423215773396279	0.5135435168738899	0.8573017049666419
41	1468.7181364707649	3.0271507911529625	0.5667871302851832	0.5539549464070526	0.5424672293050817	0.6376564277588169	0.5330480266286258	0.7933474876150035	0.5594088380448647	0.5374250471576609	0.5329800840489677	0.6277308476551121	0.5170345489443378	0.7987398072646404
42	1504.8018947318196	1.6920749443524983	0.5481612592202142	0.5294720319146039	0.5320524331118692	0.5611316941731223	0.5353470437017995	0.5895258315640481	0.5331896833824188	0.5081997652135528	0.5147085693403983	0.538568450312717	0.5068672334859385	0.5744996293550778
43	1540.760604146868	1.4870740777842002	0.5421632340082546	0.524104882675759	0.5175076315316933	0.5841201052468659	0.5191196698762036	0.667728237791932	0.5252642932035074	0.5021004371453863	0.5010049333089713	0.565611579449658	0.49540261911395933	0.6590066716085989
44	1576.8996439874172	3.912043695883767	0.5662865960810236	0.5515893052952529	0.543005925659903	0.6249078850405306	0.5354887597878252	0.7501769285208776	0.5482510234474653	0.5243883073120378	0.5251233327242828	0.6056744044909727	0.5127151297200103	0.7398072646404744
45	1612.9005694240332	3.67854771304701	0.5763624270129537	0.5399535095015597	0.5636559525947208	0.6434859154929577	0.5496240601503759	0.7760084925690022	0.5644313772631046	0.5209707123186798	0.5419331262561666	0.6234039357067749	0.5241222530942157	0.7690882134914752
46	1649.986120045185	1.720189175735868	0.6092472017170902	0.5745899020897924	0.5729933560782905	0.6526438796377446	0.5557213930348258	0.7905166312809625	0.5962791256786809	0.5559501413111775	0.5558194774346793	0.6365674988787562	0.5334502630919569	0.7891030392883618
47	1685.9925644136965	3.4009187493065838	0.5524921701228037	0.5207843918984367	0.5397737475309751	0.597075931457318	0.5371994342291372	0.6719745222929936	0.5322235356186431	0.49762857202845184	0.517266581399598	0.5734581853406522	0.5080091533180778	0.6582653817642699
48	1721.655597332865	2.2388594823423773	0.5912453858615601	0.5910591003907442	0.5580894235949003	0.6642106699413289	0.5405285365312015	0.8612880396319886	0.5753387561022847	0.5669234842189201	0.5369998172848529	0.6432995495495495	0.5186109850204267	0.8469236471460341
49	1756.8414540030062	3.718900434447278	0.5859072143749295	0.5684661398289609	0.5588076854013287	0.6502491103202847	0.5439390331031198	0.808209483368719	0.5707579187786749	0.5490835761521169	0.539923259638224	0.6316559391456993	0.5217496375060415	0.8002223869532987
50	1792.1396057158709	5.222192266548518	0.5402983570867774	0.5136656110837943	0.5433650565631173	0.5805706745835395	0.5437133147976522	0.6227883934890305	0.5294607951168366	0.49687986623108094	0.5256714781655399	0.5565425350187906	0.5161596958174905	0.6037805782060786
51	1827.7808622419834	2.4081650061852997	0.5296738735851846	0.5107071273565678	0.5263063386604417	0.6301177790241167	0.5218300046446819	0.7951167728237792	0.5157858006264233	0.48679575846146184	0.5055728119861137	0.6118760757314974	0.49906410856340666	0.7905856189770201
52	1863.3168985322118	1.3714222680355306	0.5366687745864852	0.5166445116061537	0.533309391273119	0.5745621214601407	0.534572037770332	0.6210191082802548	0.5190174236504852	0.49254542114504485	0.5145258541933126	0.5533703143385442	0.5063057520762843	0.6100815418828762
53	1899.9809437468648	1.3009118111949647	0.5444415676628072	0.5398531039379173	0.5257676423056205	0.5753336549284451	0.5272620100206307	0.6330502476999292	0.5276231976973267	0.5156261808724034	0.5095925452219989	0.5545967474278128	0.5021033653846154	0.6193476649369903
54	1936.3438041470945	1.842231623682892	0.5784339677991382	0.5393641542393632	0.5694020470461483	0.6298240197591849	0.5585980284775466	0.721868365180467	0.565708532847154	0.5161225139294229	0.558377489493879	0.6150660933269629	0.539234850600391	0.7157153446997776
55	1972.1694730371237	0.6464937257660495	0.5847961703457221	0.5512976645770962	0.5710181361106124	0.6443352687211552	0.5561552300179903	0.7657466383581033	0.5691059109517227	0.5249129032964623	0.5561849077288508	0.6279675294838414	0.535108326807622	0.759822090437361
56	2007.8275923877954	0.2747774327181105	0.5776562047277778	0.5479554408509603	0.5507272400790088	0.6433865450399088	0.5386634844868735	0.7986553432413305	0.5617264039428606	0.5249964360389612	0.5284122053718253	0.6216097346430142	0.5141886975503275	0.7857672349888807
57	2043.6796436794102	0.3383345158199518	0.5614252866267839	0.5357550559139245	0.5456994074340097	0.6348152424942263	0.5360799609946367	0.778131634819533	0.5436286471794255	0.510679243096794	0.5200073086058834	0.6077348066298343	0.5088772193048262	0.7542624166048925
58	2080.0920288600028	1.7536832897840213	0.5839695793887238	0.575659625113664	0.5544981145627581	0.6316258351893097	0.5441289332310054	0.7526539278131635	0.5684366130400229	0.550980231537202	0.5395578293440526	0.615736505032022	0.5230569948186529	0.7483320978502594
59	2116.4278511814773	7.162417296654894	0.5810547416714592	0.5878795420465734	0.5343867839827617	0.5991652496521873	0.5319791380730168	0.6857749469214437	0.5710410113597659	0.5677080184157866	0.5229307509592546	0.5854897602794095	0.5120799777839489	0.6834692364714603
60	2152.305049408227	3.040111821173923	0.5317794713378377	0.5187035399086364	0.5230741605315138	0.6004813477737665	0.522239665096808	0.7062986553432413	0.5189758847060553	0.4943769786581619	0.5052073816919422	0.5824853530681469	0.49868004223864837	0.7001482579688658
61	2188.2132905870676	1.5131459213007474	0.5433589689408206	0.543257090570691	0.5234332914347279	0.5717973539851566	0.5255041518386714	0.627034677990092	0.5299466404877822	0.5229620488671671	0.5073999634569706	0.5520106347623794	0.5003012048192771	0.6156412157153447
62	2224.1957331970334	1.3249582751122944	0.5679831232250709	0.5628807403162476	0.5360028730472257	0.6443710432149738	0.5272522522522523	0.8283793347487615	0.5604692832194685	0.5441676304824846	0.5232961812534259	0.6317572335920959	0.5101436061089583	0.8295033358042995
63	2259.8435772545636	1.7076816932094516	0.5372440664121166	0.5131006811701821	0.5289998204345484	0.6223182145428366	0.5246419033746055	0.7646850672328379	0.5264259144244319	0.496494752478851	0.5147085693403983	0.6076809453471197	0.5051571709233792	0.762416604892513
64	2296.1832545287907	2.478841993055539	0.5547197408368054	0.5281996940560449	0.5439037529179386	0.6193045563549161	0.5371814872594903	0.7310686482661005	0.5410611130032924	0.5069483100986434	0.5150739996345697	0.592819883399816	0.5057591623036649	0.7160859896219421
65	2331.7840237617493	1.4390062142483657	0.5463695918762783	0.5185540774406161	0.5342072185311546	0.625252817104883	0.5283203125	0.7657466383581033	0.530456794822992	0.49504786771263576	0.5128814178695413	0.6053878034339847	0.503942828979793	0.7579688658265382
66	2368.109594233334	1.8287478229067347	0.5394175845922156	0.5282351199133137	0.52828155862812	0.5853196527229676	0.5283556568823027	0.6560509554140127	0.5321033932375667	0.5111224919647277	0.511967842134113	0.5682883465330532	0.5038693035253654	0.6515937731653076
67	2404.028489328921	1.6086869592036237	0.5257827361624867	0.5353636664001684	0.5002693481774106	0.5408348457350273	0.506646058732612	0.5799716914366596	0.5122187272520853	0.5085887417311581	0.4953407637493148	0.5305914343983684	0.48995605775266793	0.5785767234988881
68	2440.8435560576618	1.981254145008279	0.510437686200659	0.5156731769483319	0.5002693481774106	0.5858014585503794	0.5055227331107115	0.6963906581740976	0.5052124696972732	0.49217689241852214	0.4852914306596017	0.5685403584009803	0.4844688070999739	0.6879169755374351
69	2476.9694664925337	1.1714805118535878	0.5262543090447821	0.5303236462449273	0.5070928353384809	0.6101406050276948	0.5096085409252669	0.7600849256900213	0.5236771983250856	0.5119495872613913	0.4966197697789147	0.5962186721383556	0.4930909090909091	0.7538917716827279
70	2512.7375425100327	0.08591200856972137	0.5397283544112415	0.5379183406082273	0.5148141497575867	0.5969570405727923	0.5159876224858174	0.7080679405520169	0.5374976459038727	0.520022084032026	0.5066691028686278	0.5862703034017775	0.4997387669801463	0.7090437361008154
71	2548.394420195371	1.328297593010575	0.5340620621131986	0.5648450686490183	0.49973065182258936	0.578517397881997	0.5052854122621564	0.6765746638358103	0.5222342208776605	0.5386434308985889	0.4891284487484012	0.5632614807872539	0.4867710583153348	0.6682727946627132
72	2584.19967167452	2.153008166776999	0.5521548900514699	0.5736846433824145	0.5119411025318729	0.6091458153580673	0.5130813953488372	0.7494692144373672	0.5366280661684665	0.5431583763844249	0.4986296363968573	0.5955188679245284	0.4943710230053842	0.748702742772424
73	2619.650089710951	1.8444558644005156	0.5436505817162078	0.5641922750915612	0.5166098042736578	0.6031839622641509	0.5169277412834765	0.7239915074309978	0.529257708412638	0.5258112044330681	0.5044765211035995	0.5899606894466284	0.4982124616956078	0.7231282431430689
74	2655.5879497006536	3.0000824328562885	0.5807610648374979	0.5793512600378771	0.5564733345304363	0.587370531239559	0.5563291139240506	0.6220806794055201	0.5661129699009609	0.5575085475586598	0.5338936597843962	0.5594888620272838	0.5237633365664404	0.6004447739065975
75	2691.5010962821543	1.848910046457604	0.5605906329409815	0.5481050728882326	0.551086370982223	0.6433666191155493	0.5389579349904398	0.7979476291578202	0.5418985701787777	0.5154788335627306	0.5412022656678238	0.6334841628959276	0.5225138454129545	0.8042994810971089
76	2727.5767191685736	2.010905770774116	0.5713662442312788	0.5768208162602747	0.5403124438857964	0.6046942557134032	0.5364383561643835	0.6928520877565464	0.5551862240298119	0.553881372219285	0.516718435958341	0.581288586354282	0.5073224647692732	0.6805040770941438
77	2763.978596717119	1.5301006865993259	0.5330522859577709	0.507804944031625	0.515352846112408	0.6043102184430436	0.5158948685857322	0.7292993630573248	0.5161680657677692	0.48262080593401124	0.5026493696327425	0.5916591659165916	0.4969758064516129	0.7309117865085248
78	2800.1908439844847	1.1920093965636624	0.5469746835475697	0.5185475960760639	0.526665469563656	0.6122388937922919	0.5239174219536757	0.7363765038924275	0.5323809428405426	0.495166800458448	0.511967842134113	0.5984062546985416	0.5034151277510751	0.737583395107487
79	2836.3766598924994	1.3098762013178202	0.5551873791074443	0.5618708339110632	0.5385167893697252	0.5885366634646173	0.5374269005847954	0.6503892427459307	0.5419985441334589	0.5395374747046688	0.5254887630184543	0.5705308417397056	0.5150791280979397	0.639362490733877
80	2872.4600918143988	1.5161888193943014	0.5292439043835186	0.5464625938692187	0.5219967678218711	0.5444900752908967	0.5271703114645461	0.5629865534324133	0.5124107947829224	0.5198325228709391	0.51251598757537	0.528121683763707	0.5050744248985115	0.5533728687916976
81	2908.8734960854053	1.6743507197825238	0.5895247350329307	0.6390781577943294	0.5408511402406178	0.6239152816590675	0.5338535112006041	0.7505307855626328	0.5816055269502267	0.6127294972064373	0.5296912114014252	0.611530335043767	0.5157841140529531	0.7509266123054115
82	2945.1916181519628	2.9480826862563845	0.5612132046083205	0.5498368476248301	0.5448015801759741	0.5956292869676185	0.5422596572756317	0.6606510969568294	0.5567637689579868	0.5272309367779031	0.5355380961081674	0.5835517693315859	0.5229007633587787	0.6601186063750927
83	2980.7698560021818	1.82720490443171	0.5180401299428075	0.5080033936452568	0.5300772131441911	0.5975703521451639	0.5284199075333152	0.6875442321302194	0.5088327690180914	0.49050396770073	0.5176320116937694	0.5851665619107479	0.507910529187125	0.6901408450704225
84	3015.974432695657	1.528878162127512	0.5170362879557796	0.5033535314572317	0.5144550188543724	0.595814648729447	0.5157867494824017	0.7052370842179759	0.5099534523404057	0.48946427889160404	0.4968024849260004	0.5796703296703296	0.4927348209652309	0.7038547071905115
85	3051.633294686675	2.7207203463476617	0.498638430861391	0.4923636934176371	0.5207398096606213	0.574390049433902	0.5227866473149492	0.6372965322009908	0.48794342155350307	0.4725183509511726	0.5137949936049698	0.5646981841976116	0.5054172767203514	0.6397331356560415
86	3087.029631190002	1.1262509958505689	0.5396064459517232	0.5212792524680543	0.5340276530795475	0.5828644912393506	0.534020618556701	0.6415428167020524	0.534967643700038	0.5033539223603114	0.5273159144893111	0.5731727437716548	0.5165031222123104	0.6438102297998517
87	3122.184759426862	1.628390299192688	0.4566733464762263	0.45277900706077545	0.49829412820973246	0.5950724637681158	0.5039273441335297	0.7264685067232838	0.445078570045212	0.43303056096788406	0.48547414580668735	0.5824436536180309	0.4854176964903609	0.7279466271312083
88	3157.7842079102993	2.0996891208960733	0.5029941749686972	0.4822374466964082	0.5216376369186568	0.5930339138405133	0.521774193548387	0.6868365180467091	0.49789320083612154	0.46728038736320193	0.5106888361045131	0.5806451612903225	0.5027114967462039	0.687175685693106
89	3193.142338126898	2.402479126918479	0.4874413001092145	0.47638016171461306	0.5115819716286586	0.5909774436090224	0.5138598326359832	0.6953290870488322	0.4747107967864084	0.4539872230623806	0.501735793897314	0.5770125639832481	0.49613230194718594	0.6893995552260934
90	3228.8219993263483	2.3590637442248408	0.48988185586730576	0.4723958711126278	0.5270246004668702	0.594019728729963	0.526215182960131	0.6818825194621373	0.47497592477577655	0.44965625566709194	0.5132468481637128	0.5780804561292365	0.5047013274336283	0.6764269829503335
91	3264.808356869966	4.077333429566352	0.4871035685250676	0.47430678465547116	0.526845035015263	0.5944281976296752	0.5260147098883138	0.6832979476291579	0.481963549910177	0.4596448796733009	0.5126987027224557	0.574708977834476	0.5043380912398545	0.6679021497405485
92	3299.875922679901	1.7992810618088697	0.5304391878032715	0.49852165119438857	0.5392350511761537	0.6151769646070786	0.5338365434669443	0.7257607926397736	0.5229679642578087	0.4798406297213126	0.5289603508130825	0.6020376659462798	0.5158730158730159	0.7227575982209044
93	3335.0210243314505	0.5563772367095225	0.5380425345710461	0.504862042270702	0.5417489674986533	0.6167017122258935	0.5357515657620042	0.7264685067232838	0.5298027901882609	0.4862928340598583	0.5318837931664535	0.6030368763557483	0.5181043663471778	0.7212750185322461
94	3370.452431254089	0.14150241937204555	0.5407014935269833	0.5106073602782808	0.5474950619500808	0.6211665664461817	0.5399895452169368	0.7310686482661005	0.530564849504805	0.49285069556448824	0.5307875022839393	0.6014897579143389	0.5173518419647624	0.7183098591549296
95	3406.030672363937	1.2035857537666743	0.5462513600210948	0.5202952699479885	0.5422876638534746	0.6047449216932858	0.5382279878553685	0.6900212314225053	0.5378925997903018	0.5071802899531574	0.5284122053718253	0.5893396976929196	0.5163088932255366	0.6864343958487769
96	3441.7019069455564	0.4437301627222041	0.5613969703232239	0.5317277494040384	0.546058538337224	0.5980922098569157	0.543013856812933	0.6656050955414012	0.5552743106338363	0.5214901699364489	0.5329800840489677	0.5834419817470665	0.52065154159395	0.6634544106745738
97	3477.499911788851	0.7076441499266366	0.5446136585464022	0.5171670373340229	0.5401328784341892	0.6115577127256181	0.5351738784178391	0.7133757961783439	0.5388100628426796	0.5016705890167499	0.5302393568426823	0.5994703224801371	0.5170653050255307	0.7131208302446257
98	3514.059404257685	0.0888752146565821	0.5534902714469232	0.5252915205621873	0.5304363440474053	0.5928693756811458	0.5293299972199055	0.6737438075017693	0.5474995826070697	0.5121523996262161	0.5227480358121688	0.5814102564102565	0.5121400338791643	0.6723498888065234
99	3549.796116542071	0.019536252269972465	0.5556079955436976	0.5271163916654127	0.5325911294666906	0.5811745776347547	0.5329005606373561	0.6390658174097664	0.5478642838539058	0.5135270889290261	0.5201900237529691	0.5645107794361526	0.5108043217286915	0.6308376575240919
100	3585.1403154470026	0.016899597781502962	0.5533145039589934	0.5268916209063925	0.5342072185311546	0.5882539682539683	0.5333909038572251	0.6556970983722576	0.5458148511743768	0.5130373194248437	0.5203727389000549	0.5705872730247015	0.5106881405563689	0.6464047442550037
